-1 +29 -105 +23 +91 -51 +8 +114 +121 +115 -75 +111 -68 +81 -2 -19 +9 -80 +112 +116 +117 +27 +59 +33 -58 -108 -102 -103 +99 -110 -106 -60 -43 +39 -101 +44 -70 +26 +73 +61 -28 +84 +62 +22 -94 -13 -104 +15 -82 +92 -57 -88 +38 -41 +48 +34 -72 +18 -74 -24 +85 +100 +14 +55 +45 +20 -52 +78 +79 +77 +98 +71 -32 +65 +95 -107 -3 +118 -53 +7 +12 -30 -5 +46 +11 +25 +50 +67 -93 +17 +40 -4 -96 -76 +109 +6 +97 -47 -64 +113 -69 +63 +90 +49 -66 +36 +56 -21 -54 -89 +86 +10 +37 +16 -83 -31 -42 -35 -119 -87 -120
+1 +29 -105 +23 +91 -51 +8 +114 +121 +115 -75 +111 -68 +81 -2 -19 +9 -80 +112 +116 +117 +27 +59 +33 -58 -108 -102 -103 +99 -110 -106 -60 -43 +39 -101 +44 -70 +26 +73 +61 -28 +84 +62 +22 -94 -13 -104 +15 -82 +92 -57 -88 +38 -41 +48 +34 -72 +18 -74 -24 +85 +100 +14 +55 +45 +20 -52 +78 +79 +77 +98 +71 -32 +65 +95 -107 -3 +118 -53 +7 +12 -30 -5 +46 +11 +25 +50 +67 -93 +17 +40 -4 -96 -76 +109 +6 +97 -47 -64 +113 -69 +63 +90 +49 -66 +36 +56 -21 -54 -89 +86 +10 +37 +16 -83 -31 -42 -35 -119 -87 -120
+1 +2 -81 +68 -111 +75 -115 -121 -114 -8 +51 -91 -23 +105 -29 -19 +9 -80 +112 +116 +117 +27 +59 +33 -58 -108 -102 -103 +99 -110 -106 -60 -43 +39 -101 +44 -70 +26 +73 +61 -28 +84 +62 +22 -94 -13 -104 +15 -82 +92 -57 -88 +38 -41 +48 +34 -72 +18 -74 -24 +85 +100 +14 +55 +45 +20 -52 +78 +79 +77 +98 +71 -32 +65 +95 -107 -3 +118 -53 +7 +12 -30 -5 +46 +11 +25 +50 +67 -93 +17 +40 -4 -96 -76 +109 +6 +97 -47 -64 +113 -69 +63 +90 +49 -66 +36 +56 -21 -54 -89 +86 +10 +37 +16 -83 -31 -42 -35 -119 -87 -120
+1 +2 +3 +107 -95 -65 +32 -71 -98 -77 -79 -78 +52 -20 -45 -55 -14 -100 -85 +24 +74 -18 +72 -34 -48 +41 -38 +88 +57 -92 +82 -15 +104 +13 +94 -22 -62 -84 +28 -61 -73 -26 +70 -44 +101 -39 +43 +60 +106 +110 -99 +103 +102 +108 +58 -33 -59 -27 -117 -116 -112 +80 -9 +19 +29 -105 +23 +91 -51 +8 +114 +121 +115 -75 +111 -68 +81 +118 -53 +7 +12 -30 -5 +46 +11 +25 +50 +67 -93 +17 +40 -4 -96 -76 +109 +6 +97 -47 -64 +113 -69 +63 +90 +49 -66 +36 +56 -21 -54 -89 +86 +10 +37 +16 -83 -31 -42 -35 -119 -87 -120
+1 +2 +3 +4 -40 -17 +93 -67 -50 -25 -11 -46 +5 +30 -12 -7 +53 -118 -81 +68 -111 +75 -115 -121 -114 -8 +51 -91 -23 +105 -29 -19 +9 -80 +112 +116 +117 +27 +59 +33 -58 -108 -102 -103 +99 -110 -106 -60 -43 +39 -101 +44 -70 +26 +73 +61 -28 +84 +62 +22 -94 -13 -104 +15 -82 +92 -57 -88 +38 -41 +48 +34 -72 +18 -74 -24 +85 +100 +14 +55 +45 +20 -52 +78 +79 +77 +98 +71 -32 +65 +95 -107 -96 -76 +109 +6 +97 -47 -64 +113 -69 +63 +90 +49 -66 +36 +56 -21 -54 -89 +86 +10 +37 +16 -83 -31 -42 -35 -119 -87 -120
+1 +2 +3 +4 -5 +46 +11 +25 +50 +67 -93 +17 +40 +30 -12 -7 +53 -118 -81 +68 -111 +75 -115 -121 -114 -8 +51 -91 -23 +105 -29 -19 +9 -80 +112 +116 +117 +27 +59 +33 -58 -108 -102 -103 +99 -110 -106 -60 -43 +39 -101 +44 -70 +26 +73 +61 -28 +84 +62 +22 -94 -13 -104 +15 -82 +92 -57 -88 +38 -41 +48 +34 -72 +18 -74 -24 +85 +100 +14 +55 +45 +20 -52 +78 +79 +77 +98 +71 -32 +65 +95 -107 -96 -76 +109 +6 +97 -47 -64 +113 -69 +63 +90 +49 -66 +36 +56 -21 -54 -89 +86 +10 +37 +16 -83 -31 -42 -35 -119 -87 -120
+1 +2 +3 +4 +5 +46 +11 +25 +50 +67 -93 +17 +40 +30 -12 -7 +53 -118 -81 +68 -111 +75 -115 -121 -114 -8 +51 -91 -23 +105 -29 -19 +9 -80 +112 +116 +117 +27 +59 +33 -58 -108 -102 -103 +99 -110 -106 -60 -43 +39 -101 +44 -70 +26 +73 +61 -28 +84 +62 +22 -94 -13 -104 +15 -82 +92 -57 -88 +38 -41 +48 +34 -72 +18 -74 -24 +85 +100 +14 +55 +45 +20 -52 +78 +79 +77 +98 +71 -32 +65 +95 -107 -96 -76 +109 +6 +97 -47 -64 +113 -69 +63 +90 +49 -66 +36 +56 -21 -54 -89 +86 +10 +37 +16 -83 -31 -42 -35 -119 -87 -120
+1 +2 +3 +4 +5 -6 -109 +76 +96 +107 -95 -65 +32 -71 -98 -77 -79 -78 +52 -20 -45 -55 -14 -100 -85 +24 +74 -18 +72 -34 -48 +41 -38 +88 +57 -92 +82 -15 +104 +13 +94 -22 -62 -84 +28 -61 -73 -26 +70 -44 +101 -39 +43 +60 +106 +110 -99 +103 +102 +108 +58 -33 -59 -27 -117 -116 -112 +80 -9 +19 +29 -105 +23 +91 -51 +8 +114 +121 +115 -75 +111 -68 +81 +118 -53 +7 +12 -30 -40 -17 +93 -67 -50 -25 -11 -46 +97 -47 -64 +113 -69 +63 +90 +49 -66 +36 +56 -21 -54 -89 +86 +10 +37 +16 -83 -31 -42 -35 -119 -87 -120
+1 +2 +3 +4 +5 +6 -109 +76 +96 +107 -95 -65 +32 -71 -98 -77 -79 -78 +52 -20 -45 -55 -14 -100 -85 +24 +74 -18 +72 -34 -48 +41 -38 +88 +57 -92 +82 -15 +104 +13 +94 -22 -62 -84 +28 -61 -73 -26 +70 -44 +101 -39 +43 +60 +106 +110 -99 +103 +102 +108 +58 -33 -59 -27 -117 -116 -112 +80 -9 +19 +29 -105 +23 +91 -51 +8 +114 +121 +115 -75 +111 -68 +81 +118 -53 +7 +12 -30 -40 -17 +93 -67 -50 -25 -11 -46 +97 -47 -64 +113 -69 +63 +90 +49 -66 +36 +56 -21 -54 -89 +86 +10 +37 +16 -83 -31 -42 -35 -119 -87 -120
+1 +2 +3 +4 +5 +6 -7 +53 -118 -81 +68 -111 +75 -115 -121 -114 -8 +51 -91 -23 +105 -29 -19 +9 -80 +112 +116 +117 +27 +59 +33 -58 -108 -102 -103 +99 -110 -106 -60 -43 +39 -101 +44 -70 +26 +73 +61 -28 +84 +62 +22 -94 -13 -104 +15 -82 +92 -57 -88 +38 -41 +48 +34 -72 +18 -74 -24 +85 +100 +14 +55 +45 +20 -52 +78 +79 +77 +98 +71 -32 +65 +95 -107 -96 -76 +109 +12 -30 -40 -17 +93 -67 -50 -25 -11 -46 +97 -47 -64 +113 -69 +63 +90 +49 -66 +36 +56 -21 -54 -89 +86 +10 +37 +16 -83 -31 -42 -35 -119 -87 -120
+1 +2 +3 +4 +5 +6 +7 +53 -118 -81 +68 -111 +75 -115 -121 -114 -8 +51 -91 -23 +105 -29 -19 +9 -80 +112 +116 +117 +27 +59 +33 -58 -108 -102 -103 +99 -110 -106 -60 -43 +39 -101 +44 -70 +26 +73 +61 -28 +84 +62 +22 -94 -13 -104 +15 -82 +92 -57 -88 +38 -41 +48 +34 -72 +18 -74 -24 +85 +100 +14 +55 +45 +20 -52 +78 +79 +77 +98 +71 -32 +65 +95 -107 -96 -76 +109 +12 -30 -40 -17 +93 -67 -50 -25 -11 -46 +97 -47 -64 +113 -69 +63 +90 +49 -66 +36 +56 -21 -54 -89 +86 +10 +37 +16 -83 -31 -42 -35 -119 -87 -120
+1 +2 +3 +4 +5 +6 +7 +8 +114 +121 +115 -75 +111 -68 +81 +118 -53 +51 -91 -23 +105 -29 -19 +9 -80 +112 +116 +117 +27 +59 +33 -58 -108 -102 -103 +99 -110 -106 -60 -43 +39 -101 +44 -70 +26 +73 +61 -28 +84 +62 +22 -94 -13 -104 +15 -82 +92 -57 -88 +38 -41 +48 +34 -72 +18 -74 -24 +85 +100 +14 +55 +45 +20 -52 +78 +79 +77 +98 +71 -32 +65 +95 -107 -96 -76 +109 +12 -30 -40 -17 +93 -67 -50 -25 -11 -46 +97 -47 -64 +113 -69 +63 +90 +49 -66 +36 +56 -21 -54 -89 +86 +10 +37 +16 -83 -31 -42 -35 -119 -87 -120
+1 +2 +3 +4 +5 +6 +7 +8 -9 +19 +29 -105 +23 +91 -51 +53 -118 -81 +68 -111 +75 -115 -121 -114 -80 +112 +116 +117 +27 +59 +33 -58 -108 -102 -103 +99 -110 -106 -60 -43 +39 -101 +44 -70 +26 +73 +61 -28 +84 +62 +22 -94 -13 -104 +15 -82 +92 -57 -88 +38 -41 +48 +34 -72 +18 -74 -24 +85 +100 +14 +55 +45 +20 -52 +78 +79 +77 +98 +71 -32 +65 +95 -107 -96 -76 +109 +12 -30 -40 -17 +93 -67 -50 -25 -11 -46 +97 -47 -64 +113 -69 +63 +90 +49 -66 +36 +56 -21 -54 -89 +86 +10 +37 +16 -83 -31 -42 -35 -119 -87 -120
+1 +2 +3 +4 +5 +6 +7 +8 +9 +19 +29 -105 +23 +91 -51 +53 -118 -81 +68 -111 +75 -115 -121 -114 -80 +112 +116 +117 +27 +59 +33 -58 -108 -102 -103 +99 -110 -106 -60 -43 +39 -101 +44 -70 +26 +73 +61 -28 +84 +62 +22 -94 -13 -104 +15 -82 +92 -57 -88 +38 -41 +48 +34 -72 +18 -74 -24 +85 +100 +14 +55 +45 +20 -52 +78 +79 +77 +98 +71 -32 +65 +95 -107 -96 -76 +109 +12 -30 -40 -17 +93 -67 -50 -25 -11 -46 +97 -47 -64 +113 -69 +63 +90 +49 -66 +36 +56 -21 -54 -89 +86 +10 +37 +16 -83 -31 -42 -35 -119 -87 -120
+1 +2 +3 +4 +5 +6 +7 +8 +9 -10 -86 +89 +54 +21 -56 -36 +66 -49 -90 -63 +69 -113 +64 +47 -97 +46 +11 +25 +50 +67 -93 +17 +40 +30 -12 -109 +76 +96 +107 -95 -65 +32 -71 -98 -77 -79 -78 +52 -20 -45 -55 -14 -100 -85 +24 +74 -18 +72 -34 -48 +41 -38 +88 +57 -92 +82 -15 +104 +13 +94 -22 -62 -84 +28 -61 -73 -26 +70 -44 +101 -39 +43 +60 +106 +110 -99 +103 +102 +108 +58 -33 -59 -27 -117 -116 -112 +80 +114 +121 +115 -75 +111 -68 +81 +118 -53 +51 -91 -23 +105 -29 -19 +37 +16 -83 -31 -42 -35 -119 -87 -120
+1 +2 +3 +4 +5 +6 +7 +8 +9 +10 -86 +89 +54 +21 -56 -36 +66 -49 -90 -63 +69 -113 +64 +47 -97 +46 +11 +25 +50 +67 -93 +17 +40 +30 -12 -109 +76 +96 +107 -95 -65 +32 -71 -98 -77 -79 -78 +52 -20 -45 -55 -14 -100 -85 +24 +74 -18 +72 -34 -48 +41 -38 +88 +57 -92 +82 -15 +104 +13 +94 -22 -62 -84 +28 -61 -73 -26 +70 -44 +101 -39 +43 +60 +106 +110 -99 +103 +102 +108 +58 -33 -59 -27 -117 -116 -112 +80 +114 +121 +115 -75 +111 -68 +81 +118 -53 +51 -91 -23 +105 -29 -19 +37 +16 -83 -31 -42 -35 -119 -87 -120
+1 +2 +3 +4 +5 +6 +7 +8 +9 +10 -11 -46 +97 -47 -64 +113 -69 +63 +90 +49 -66 +36 +56 -21 -54 -89 +86 +25 +50 +67 -93 +17 +40 +30 -12 -109 +76 +96 +107 -95 -65 +32 -71 -98 -77 -79 -78 +52 -20 -45 -55 -14 -100 -85 +24 +74 -18 +72 -34 -48 +41 -38 +88 +57 -92 +82 -15 +104 +13 +94 -22 -62 -84 +28 -61 -73 -26 +70 -44 +101 -39 +43 +60 +106 +110 -99 +103 +102 +108 +58 -33 -59 -27 -117 -116 -112 +80 +114 +121 +115 -75 +111 -68 +81 +118 -53 +51 -91 -23 +105 -29 -19 +37 +16 -83 -31 -42 -35 -119 -87 -120
+1 +2 +3 +4 +5 +6 +7 +8 +9 +10 +11 -46 +97 -47 -64 +113 -69 +63 +90 +49 -66 +36 +56 -21 -54 -89 +86 +25 +50 +67 -93 +17 +40 +30 -12 -109 +76 +96 +107 -95 -65 +32 -71 -98 -77 -79 -78 +52 -20 -45 -55 -14 -100 -85 +24 +74 -18 +72 -34 -48 +41 -38 +88 +57 -92 +82 -15 +104 +13 +94 -22 -62 -84 +28 -61 -73 -26 +70 -44 +101 -39 +43 +60 +106 +110 -99 +103 +102 +108 +58 -33 -59 -27 -117 -116 -112 +80 +114 +121 +115 -75 +111 -68 +81 +118 -53 +51 -91 -23 +105 -29 -19 +37 +16 -83 -31 -42 -35 -119 -87 -120
+1 +2 +3 +4 +5 +6 +7 +8 +9 +10 +11 +12 -30 -40 -17 +93 -67 -50 -25 -86 +89 +54 +21 -56 -36 +66 -49 -90 -63 +69 -113 +64 +47 -97 +46 -109 +76 +96 +107 -95 -65 +32 -71 -98 -77 -79 -78 +52 -20 -45 -55 -14 -100 -85 +24 +74 -18 +72 -34 -48 +41 -38 +88 +57 -92 +82 -15 +104 +13 +94 -22 -62 -84 +28 -61 -73 -26 +70 -44 +101 -39 +43 +60 +106 +110 -99 +103 +102 +108 +58 -33 -59 -27 -117 -116 -112 +80 +114 +121 +115 -75 +111 -68 +81 +118 -53 +51 -91 -23 +105 -29 -19 +37 +16 -83 -31 -42 -35 -119 -87 -120
+1 +2 +3 +4 +5 +6 +7 +8 +9 +10 +11 +12 -13 -104 +15 -82 +92 -57 -88 +38 -41 +48 +34 -72 +18 -74 -24 +85 +100 +14 +55 +45 +20 -52 +78 +79 +77 +98 +71 -32 +65 +95 -107 -96 -76 +109 -46 +97 -47 -64 +113 -69 +63 +90 +49 -66 +36 +56 -21 -54 -89 +86 +25 +50 +67 -93 +17 +40 +30 +94 -22 -62 -84 +28 -61 -73 -26 +70 -44 +101 -39 +43 +60 +106 +110 -99 +103 +102 +108 +58 -33 -59 -27 -117 -116 -112 +80 +114 +121 +115 -75 +111 -68 +81 +118 -53 +51 -91 -23 +105 -29 -19 +37 +16 -83 -31 -42 -35 -119 -87 -120
+1 +2 +3 +4 +5 +6 +7 +8 +9 +10 +11 +12 +13 -104 +15 -82 +92 -57 -88 +38 -41 +48 +34 -72 +18 -74 -24 +85 +100 +14 +55 +45 +20 -52 +78 +79 +77 +98 +71 -32 +65 +95 -107 -96 -76 +109 -46 +97 -47 -64 +113 -69 +63 +90 +49 -66 +36 +56 -21 -54 -89 +86 +25 +50 +67 -93 +17 +40 +30 +94 -22 -62 -84 +28 -61 -73 -26 +70 -44 +101 -39 +43 +60 +106 +110 -99 +103 +102 +108 +58 -33 -59 -27 -117 -116 -112 +80 +114 +121 +115 -75 +111 -68 +81 +118 -53 +51 -91 -23 +105 -29 -19 +37 +16 -83 -31 -42 -35 -119 -87 -120
+1 +2 +3 +4 +5 +6 +7 +8 +9 +10 +11 +12 +13 -14 -100 -85 +24 +74 -18 +72 -34 -48 +41 -38 +88 +57 -92 +82 -15 +104 +55 +45 +20 -52 +78 +79 +77 +98 +71 -32 +65 +95 -107 -96 -76 +109 -46 +97 -47 -64 +113 -69 +63 +90 +49 -66 +36 +56 -21 -54 -89 +86 +25 +50 +67 -93 +17 +40 +30 +94 -22 -62 -84 +28 -61 -73 -26 +70 -44 +101 -39 +43 +60 +106 +110 -99 +103 +102 +108 +58 -33 -59 -27 -117 -116 -112 +80 +114 +121 +115 -75 +111 -68 +81 +118 -53 +51 -91 -23 +105 -29 -19 +37 +16 -83 -31 -42 -35 -119 -87 -120
+1 +2 +3 +4 +5 +6 +7 +8 +9 +10 +11 +12 +13 +14 -100 -85 +24 +74 -18 +72 -34 -48 +41 -38 +88 +57 -92 +82 -15 +104 +55 +45 +20 -52 +78 +79 +77 +98 +71 -32 +65 +95 -107 -96 -76 +109 -46 +97 -47 -64 +113 -69 +63 +90 +49 -66 +36 +56 -21 -54 -89 +86 +25 +50 +67 -93 +17 +40 +30 +94 -22 -62 -84 +28 -61 -73 -26 +70 -44 +101 -39 +43 +60 +106 +110 -99 +103 +102 +108 +58 -33 -59 -27 -117 -116 -112 +80 +114 +121 +115 -75 +111 -68 +81 +118 -53 +51 -91 -23 +105 -29 -19 +37 +16 -83 -31 -42 -35 -119 -87 -120
+1 +2 +3 +4 +5 +6 +7 +8 +9 +10 +11 +12 +13 +14 +15 -82 +92 -57 -88 +38 -41 +48 +34 -72 +18 -74 -24 +85 +100 +104 +55 +45 +20 -52 +78 +79 +77 +98 +71 -32 +65 +95 -107 -96 -76 +109 -46 +97 -47 -64 +113 -69 +63 +90 +49 -66 +36 +56 -21 -54 -89 +86 +25 +50 +67 -93 +17 +40 +30 +94 -22 -62 -84 +28 -61 -73 -26 +70 -44 +101 -39 +43 +60 +106 +110 -99 +103 +102 +108 +58 -33 -59 -27 -117 -116 -112 +80 +114 +121 +115 -75 +111 -68 +81 +118 -53 +51 -91 -23 +105 -29 -19 +37 +16 -83 -31 -42 -35 -119 -87 -120
+1 +2 +3 +4 +5 +6 +7 +8 +9 +10 +11 +12 +13 +14 +15 -16 -37 +19 +29 -105 +23 +91 -51 +53 -118 -81 +68 -111 +75 -115 -121 -114 -80 +112 +116 +117 +27 +59 +33 -58 -108 -102 -103 +99 -110 -106 -60 -43 +39 -101 +44 -70 +26 +73 +61 -28 +84 +62 +22 -94 -30 -40 -17 +93 -67 -50 -25 -86 +89 +54 +21 -56 -36 +66 -49 -90 -63 +69 -113 +64 +47 -97 +46 -109 +76 +96 +107 -95 -65 +32 -71 -98 -77 -79 -78 +52 -20 -45 -55 -104 -100 -85 +24 +74 -18 +72 -34 -48 +41 -38 +88 +57 -92 +82 -83 -31 -42 -35 -119 -87 -120
+1 +2 +3 +4 +5 +6 +7 +8 +9 +10 +11 +12 +13 +14 +15 +16 -37 +19 +29 -105 +23 +91 -51 +53 -118 -81 +68 -111 +75 -115 -121 -114 -80 +112 +116 +117 +27 +59 +33 -58 -108 -102 -103 +99 -110 -106 -60 -43 +39 -101 +44 -70 +26 +73 +61 -28 +84 +62 +22 -94 -30 -40 -17 +93 -67 -50 -25 -86 +89 +54 +21 -56 -36 +66 -49 -90 -63 +69 -113 +64 +47 -97 +46 -109 +76 +96 +107 -95 -65 +32 -71 -98 -77 -79 -78 +52 -20 -45 -55 -104 -100 -85 +24 +74 -18 +72 -34 -48 +41 -38 +88 +57 -92 +82 -83 -31 -42 -35 -119 -87 -120
+1 +2 +3 +4 +5 +6 +7 +8 +9 +10 +11 +12 +13 +14 +15 +16 +17 +40 +30 +94 -22 -62 -84 +28 -61 -73 -26 +70 -44 +101 -39 +43 +60 +106 +110 -99 +103 +102 +108 +58 -33 -59 -27 -117 -116 -112 +80 +114 +121 +115 -75 +111 -68 +81 +118 -53 +51 -91 -23 +105 -29 -19 +37 +93 -67 -50 -25 -86 +89 +54 +21 -56 -36 +66 -49 -90 -63 +69 -113 +64 +47 -97 +46 -109 +76 +96 +107 -95 -65 +32 -71 -98 -77 -79 -78 +52 -20 -45 -55 -104 -100 -85 +24 +74 -18 +72 -34 -48 +41 -38 +88 +57 -92 +82 -83 -31 -42 -35 -119 -87 -120
+1 +2 +3 +4 +5 +6 +7 +8 +9 +10 +11 +12 +13 +14 +15 +16 +17 +18 -74 -24 +85 +100 +104 +55 +45 +20 -52 +78 +79 +77 +98 +71 -32 +65 +95 -107 -96 -76 +109 -46 +97 -47 -64 +113 -69 +63 +90 +49 -66 +36 +56 -21 -54 -89 +86 +25 +50 +67 -93 -37 +19 +29 -105 +23 +91 -51 +53 -118 -81 +68 -111 +75 -115 -121 -114 -80 +112 +116 +117 +27 +59 +33 -58 -108 -102 -103 +99 -110 -106 -60 -43 +39 -101 +44 -70 +26 +73 +61 -28 +84 +62 +22 -94 -30 -40 +72 -34 -48 +41 -38 +88 +57 -92 +82 -83 -31 -42 -35 -119 -87 -120
+1 +2 +3 +4 +5 +6 +7 +8 +9 +10 +11 +12 +13 +14 +15 +16 +17 +18 -19 +37 +93 -67 -50 -25 -86 +89 +54 +21 -56 -36 +66 -49 -90 -63 +69 -113 +64 +47 -97 +46 -109 +76 +96 +107 -95 -65 +32 -71 -98 -77 -79 -78 +52 -20 -45 -55 -104 -100 -85 +24 +74 +29 -105 +23 +91 -51 +53 -118 -81 +68 -111 +75 -115 -121 -114 -80 +112 +116 +117 +27 +59 +33 -58 -108 -102 -103 +99 -110 -106 -60 -43 +39 -101 +44 -70 +26 +73 +61 -28 +84 +62 +22 -94 -30 -40 +72 -34 -48 +41 -38 +88 +57 -92 +82 -83 -31 -42 -35 -119 -87 -120
+1 +2 +3 +4 +5 +6 +7 +8 +9 +10 +11 +12 +13 +14 +15 +16 +17 +18 +19 +37 +93 -67 -50 -25 -86 +89 +54 +21 -56 -36 +66 -49 -90 -63 +69 -113 +64 +47 -97 +46 -109 +76 +96 +107 -95 -65 +32 -71 -98 -77 -79 -78 +52 -20 -45 -55 -104 -100 -85 +24 +74 +29 -105 +23 +91 -51 +53 -118 -81 +68 -111 +75 -115 -121 -114 -80 +112 +116 +117 +27 +59 +33 -58 -108 -102 -103 +99 -110 -106 -60 -43 +39 -101 +44 -70 +26 +73 +61 -28 +84 +62 +22 -94 -30 -40 +72 -34 -48 +41 -38 +88 +57 -92 +82 -83 -31 -42 -35 -119 -87 -120
+1 +2 +3 +4 +5 +6 +7 +8 +9 +10 +11 +12 +13 +14 +15 +16 +17 +18 +19 +20 -52 +78 +79 +77 +98 +71 -32 +65 +95 -107 -96 -76 +109 -46 +97 -47 -64 +113 -69 +63 +90 +49 -66 +36 +56 -21 -54 -89 +86 +25 +50 +67 -93 -37 -45 -55 -104 -100 -85 +24 +74 +29 -105 +23 +91 -51 +53 -118 -81 +68 -111 +75 -115 -121 -114 -80 +112 +116 +117 +27 +59 +33 -58 -108 -102 -103 +99 -110 -106 -60 -43 +39 -101 +44 -70 +26 +73 +61 -28 +84 +62 +22 -94 -30 -40 +72 -34 -48 +41 -38 +88 +57 -92 +82 -83 -31 -42 -35 -119 -87 -120
+1 +2 +3 +4 +5 +6 +7 +8 +9 +10 +11 +12 +13 +14 +15 +16 +17 +18 +19 +20 +21 -56 -36 +66 -49 -90 -63 +69 -113 +64 +47 -97 +46 -109 +76 +96 +107 -95 -65 +32 -71 -98 -77 -79 -78 +52 -54 -89 +86 +25 +50 +67 -93 -37 -45 -55 -104 -100 -85 +24 +74 +29 -105 +23 +91 -51 +53 -118 -81 +68 -111 +75 -115 -121 -114 -80 +112 +116 +117 +27 +59 +33 -58 -108 -102 -103 +99 -110 -106 -60 -43 +39 -101 +44 -70 +26 +73 +61 -28 +84 +62 +22 -94 -30 -40 +72 -34 -48 +41 -38 +88 +57 -92 +82 -83 -31 -42 -35 -119 -87 -120
+1 +2 +3 +4 +5 +6 +7 +8 +9 +10 +11 +12 +13 +14 +15 +16 +17 +18 +19 +20 +21 -22 -62 -84 +28 -61 -73 -26 +70 -44 +101 -39 +43 +60 +106 +110 -99 +103 +102 +108 +58 -33 -59 -27 -117 -116 -112 +80 +114 +121 +115 -75 +111 -68 +81 +118 -53 +51 -91 -23 +105 -29 -74 -24 +85 +100 +104 +55 +45 +37 +93 -67 -50 -25 -86 +89 +54 -52 +78 +79 +77 +98 +71 -32 +65 +95 -107 -96 -76 +109 -46 +97 -47 -64 +113 -69 +63 +90 +49 -66 +36 +56 -94 -30 -40 +72 -34 -48 +41 -38 +88 +57 -92 +82 -83 -31 -42 -35 -119 -87 -120
+1 +2 +3 +4 +5 +6 +7 +8 +9 +10 +11 +12 +13 +14 +15 +16 +17 +18 +19 +20 +21 +22 -62 -84 +28 -61 -73 -26 +70 -44 +101 -39 +43 +60 +106 +110 -99 +103 +102 +108 +58 -33 -59 -27 -117 -116 -112 +80 +114 +121 +115 -75 +111 -68 +81 +118 -53 +51 -91 -23 +105 -29 -74 -24 +85 +100 +104 +55 +45 +37 +93 -67 -50 -25 -86 +89 +54 -52 +78 +79 +77 +98 +71 -32 +65 +95 -107 -96 -76 +109 -46 +97 -47 -64 +113 -69 +63 +90 +49 -66 +36 +56 -94 -30 -40 +72 -34 -48 +41 -38 +88 +57 -92 +82 -83 -31 -42 -35 -119 -87 -120
+1 +2 +3 +4 +5 +6 +7 +8 +9 +10 +11 +12 +13 +14 +15 +16 +17 +18 +19 +20 +21 +22 +23 +91 -51 +53 -118 -81 +68 -111 +75 -115 -121 -114 -80 +112 +116 +117 +27 +59 +33 -58 -108 -102 -103 +99 -110 -106 -60 -43 +39 -101 +44 -70 +26 +73 +61 -28 +84 +62 +105 -29 -74 -24 +85 +100 +104 +55 +45 +37 +93 -67 -50 -25 -86 +89 +54 -52 +78 +79 +77 +98 +71 -32 +65 +95 -107 -96 -76 +109 -46 +97 -47 -64 +113 -69 +63 +90 +49 -66 +36 +56 -94 -30 -40 +72 -34 -48 +41 -38 +88 +57 -92 +82 -83 -31 -42 -35 -119 -87 -120
+1 +2 +3 +4 +5 +6 +7 +8 +9 +10 +11 +12 +13 +14 +15 +16 +17 +18 +19 +20 +21 +22 +23 +24 +74 +29 -105 -62 -84 +28 -61 -73 -26 +70 -44 +101 -39 +43 +60 +106 +110 -99 +103 +102 +108 +58 -33 -59 -27 -117 -116 -112 +80 +114 +121 +115 -75 +111 -68 +81 +118 -53 +51 -91 +85 +100 +104 +55 +45 +37 +93 -67 -50 -25 -86 +89 +54 -52 +78 +79 +77 +98 +71 -32 +65 +95 -107 -96 -76 +109 -46 +97 -47 -64 +113 -69 +63 +90 +49 -66 +36 +56 -94 -30 -40 +72 -34 -48 +41 -38 +88 +57 -92 +82 -83 -31 -42 -35 -119 -87 -120
+1 +2 +3 +4 +5 +6 +7 +8 +9 +10 +11 +12 +13 +14 +15 +16 +17 +18 +19 +20 +21 +22 +23 +24 +25 +50 +67 -93 -37 -45 -55 -104 -100 -85 +91 -51 +53 -118 -81 +68 -111 +75 -115 -121 -114 -80 +112 +116 +117 +27 +59 +33 -58 -108 -102 -103 +99 -110 -106 -60 -43 +39 -101 +44 -70 +26 +73 +61 -28 +84 +62 +105 -29 -74 -86 +89 +54 -52 +78 +79 +77 +98 +71 -32 +65 +95 -107 -96 -76 +109 -46 +97 -47 -64 +113 -69 +63 +90 +49 -66 +36 +56 -94 -30 -40 +72 -34 -48 +41 -38 +88 +57 -92 +82 -83 -31 -42 -35 -119 -87 -120
+1 +2 +3 +4 +5 +6 +7 +8 +9 +10 +11 +12 +13 +14 +15 +16 +17 +18 +19 +20 +21 +22 +23 +24 +25 -26 +70 -44 +101 -39 +43 +60 +106 +110 -99 +103 +102 +108 +58 -33 -59 -27 -117 -116 -112 +80 +114 +121 +115 -75 +111 -68 +81 +118 -53 +51 -91 +85 +100 +104 +55 +45 +37 +93 -67 -50 +73 +61 -28 +84 +62 +105 -29 -74 -86 +89 +54 -52 +78 +79 +77 +98 +71 -32 +65 +95 -107 -96 -76 +109 -46 +97 -47 -64 +113 -69 +63 +90 +49 -66 +36 +56 -94 -30 -40 +72 -34 -48 +41 -38 +88 +57 -92 +82 -83 -31 -42 -35 -119 -87 -120
+1 +2 +3 +4 +5 +6 +7 +8 +9 +10 +11 +12 +13 +14 +15 +16 +17 +18 +19 +20 +21 +22 +23 +24 +25 +26 +70 -44 +101 -39 +43 +60 +106 +110 -99 +103 +102 +108 +58 -33 -59 -27 -117 -116 -112 +80 +114 +121 +115 -75 +111 -68 +81 +118 -53 +51 -91 +85 +100 +104 +55 +45 +37 +93 -67 -50 +73 +61 -28 +84 +62 +105 -29 -74 -86 +89 +54 -52 +78 +79 +77 +98 +71 -32 +65 +95 -107 -96 -76 +109 -46 +97 -47 -64 +113 -69 +63 +90 +49 -66 +36 +56 -94 -30 -40 +72 -34 -48 +41 -38 +88 +57 -92 +82 -83 -31 -42 -35 -119 -87 -120
+1 +2 +3 +4 +5 +6 +7 +8 +9 +10 +11 +12 +13 +14 +15 +16 +17 +18 +19 +20 +21 +22 +23 +24 +25 +26 +27 +59 +33 -58 -108 -102 -103 +99 -110 -106 -60 -43 +39 -101 +44 -70 -117 -116 -112 +80 +114 +121 +115 -75 +111 -68 +81 +118 -53 +51 -91 +85 +100 +104 +55 +45 +37 +93 -67 -50 +73 +61 -28 +84 +62 +105 -29 -74 -86 +89 +54 -52 +78 +79 +77 +98 +71 -32 +65 +95 -107 -96 -76 +109 -46 +97 -47 -64 +113 -69 +63 +90 +49 -66 +36 +56 -94 -30 -40 +72 -34 -48 +41 -38 +88 +57 -92 +82 -83 -31 -42 -35 -119 -87 -120
+1 +2 +3 +4 +5 +6 +7 +8 +9 +10 +11 +12 +13 +14 +15 +16 +17 +18 +19 +20 +21 +22 +23 +24 +25 +26 +27 +28 -61 -73 +50 +67 -93 -37 -45 -55 -104 -100 -85 +91 -51 +53 -118 -81 +68 -111 +75 -115 -121 -114 -80 +112 +116 +117 +70 -44 +101 -39 +43 +60 +106 +110 -99 +103 +102 +108 +58 -33 -59 +84 +62 +105 -29 -74 -86 +89 +54 -52 +78 +79 +77 +98 +71 -32 +65 +95 -107 -96 -76 +109 -46 +97 -47 -64 +113 -69 +63 +90 +49 -66 +36 +56 -94 -30 -40 +72 -34 -48 +41 -38 +88 +57 -92 +82 -83 -31 -42 -35 -119 -87 -120
+1 +2 +3 +4 +5 +6 +7 +8 +9 +10 +11 +12 +13 +14 +15 +16 +17 +18 +19 +20 +21 +22 +23 +24 +25 +26 +27 +28 +29 -105 -62 -84 +59 +33 -58 -108 -102 -103 +99 -110 -106 -60 -43 +39 -101 +44 -70 -117 -116 -112 +80 +114 +121 +115 -75 +111 -68 +81 +118 -53 +51 -91 +85 +100 +104 +55 +45 +37 +93 -67 -50 +73 +61 -74 -86 +89 +54 -52 +78 +79 +77 +98 +71 -32 +65 +95 -107 -96 -76 +109 -46 +97 -47 -64 +113 -69 +63 +90 +49 -66 +36 +56 -94 -30 -40 +72 -34 -48 +41 -38 +88 +57 -92 +82 -83 -31 -42 -35 -119 -87 -120
+1 +2 +3 +4 +5 +6 +7 +8 +9 +10 +11 +12 +13 +14 +15 +16 +17 +18 +19 +20 +21 +22 +23 +24 +25 +26 +27 +28 +29 +30 +94 -56 -36 +66 -49 -90 -63 +69 -113 +64 +47 -97 +46 -109 +76 +96 +107 -95 -65 +32 -71 -98 -77 -79 -78 +52 -54 -89 +86 +74 -61 -73 +50 +67 -93 -37 -45 -55 -104 -100 -85 +91 -51 +53 -118 -81 +68 -111 +75 -115 -121 -114 -80 +112 +116 +117 +70 -44 +101 -39 +43 +60 +106 +110 -99 +103 +102 +108 +58 -33 -59 +84 +62 +105 -40 +72 -34 -48 +41 -38 +88 +57 -92 +82 -83 -31 -42 -35 -119 -87 -120
+1 +2 +3 +4 +5 +6 +7 +8 +9 +10 +11 +12 +13 +14 +15 +16 +17 +18 +19 +20 +21 +22 +23 +24 +25 +26 +27 +28 +29 +30 +31 +83 -82 +92 -57 -88 +38 -41 +48 +34 -72 +40 -105 -62 -84 +59 +33 -58 -108 -102 -103 +99 -110 -106 -60 -43 +39 -101 +44 -70 -117 -116 -112 +80 +114 +121 +115 -75 +111 -68 +81 +118 -53 +51 -91 +85 +100 +104 +55 +45 +37 +93 -67 -50 +73 +61 -74 -86 +89 +54 -52 +78 +79 +77 +98 +71 -32 +65 +95 -107 -96 -76 +109 -46 +97 -47 -64 +113 -69 +63 +90 +49 -66 +36 +56 -94 -42 -35 -119 -87 -120
+1 +2 +3 +4 +5 +6 +7 +8 +9 +10 +11 +12 +13 +14 +15 +16 +17 +18 +19 +20 +21 +22 +23 +24 +25 +26 +27 +28 +29 +30 +31 +32 -71 -98 -77 -79 -78 +52 -54 -89 +86 +74 -61 -73 +50 +67 -93 -37 -45 -55 -104 -100 -85 +91 -51 +53 -118 -81 +68 -111 +75 -115 -121 -114 -80 +112 +116 +117 +70 -44 +101 -39 +43 +60 +106 +110 -99 +103 +102 +108 +58 -33 -59 +84 +62 +105 -40 +72 -34 -48 +41 -38 +88 +57 -92 +82 -83 +65 +95 -107 -96 -76 +109 -46 +97 -47 -64 +113 -69 +63 +90 +49 -66 +36 +56 -94 -42 -35 -119 -87 -120
+1 +2 +3 +4 +5 +6 +7 +8 +9 +10 +11 +12 +13 +14 +15 +16 +17 +18 +19 +20 +21 +22 +23 +24 +25 +26 +27 +28 +29 +30 +31 +32 +33 -58 -108 -102 -103 +99 -110 -106 -60 -43 +39 -101 +44 -70 -117 -116 -112 +80 +114 +121 +115 -75 +111 -68 +81 +118 -53 +51 -91 +85 +100 +104 +55 +45 +37 +93 -67 -50 +73 +61 -74 -86 +89 +54 -52 +78 +79 +77 +98 +71 -59 +84 +62 +105 -40 +72 -34 -48 +41 -38 +88 +57 -92 +82 -83 +65 +95 -107 -96 -76 +109 -46 +97 -47 -64 +113 -69 +63 +90 +49 -66 +36 +56 -94 -42 -35 -119 -87 -120
+1 +2 +3 +4 +5 +6 +7 +8 +9 +10 +11 +12 +13 +14 +15 +16 +17 +18 +19 +20 +21 +22 +23 +24 +25 +26 +27 +28 +29 +30 +31 +32 +33 +34 -72 +40 -105 -62 -84 +59 -71 -98 -77 -79 -78 +52 -54 -89 +86 +74 -61 -73 +50 +67 -93 -37 -45 -55 -104 -100 -85 +91 -51 +53 -118 -81 +68 -111 +75 -115 -121 -114 -80 +112 +116 +117 +70 -44 +101 -39 +43 +60 +106 +110 -99 +103 +102 +108 +58 -48 +41 -38 +88 +57 -92 +82 -83 +65 +95 -107 -96 -76 +109 -46 +97 -47 -64 +113 -69 +63 +90 +49 -66 +36 +56 -94 -42 -35 -119 -87 -120
+1 +2 +3 +4 +5 +6 +7 +8 +9 +10 +11 +12 +13 +14 +15 +16 +17 +18 +19 +20 +21 +22 +23 +24 +25 +26 +27 +28 +29 +30 +31 +32 +33 +34 +35 +42 +94 -56 -36 +66 -49 -90 -63 +69 -113 +64 +47 -97 +46 -109 +76 +96 +107 -95 -65 +83 -82 +92 -57 -88 +38 -41 +48 -58 -108 -102 -103 +99 -110 -106 -60 -43 +39 -101 +44 -70 -117 -116 -112 +80 +114 +121 +115 -75 +111 -68 +81 +118 -53 +51 -91 +85 +100 +104 +55 +45 +37 +93 -67 -50 +73 +61 -74 -86 +89 +54 -52 +78 +79 +77 +98 +71 -59 +84 +62 +105 -40 +72 -119 -87 -120
+1 +2 +3 +4 +5 +6 +7 +8 +9 +10 +11 +12 +13 +14 +15 +16 +17 +18 +19 +20 +21 +22 +23 +24 +25 +26 +27 +28 +29 +30 +31 +32 +33 +34 +35 +36 +56 -94 -42 +66 -49 -90 -63 +69 -113 +64 +47 -97 +46 -109 +76 +96 +107 -95 -65 +83 -82 +92 -57 -88 +38 -41 +48 -58 -108 -102 -103 +99 -110 -106 -60 -43 +39 -101 +44 -70 -117 -116 -112 +80 +114 +121 +115 -75 +111 -68 +81 +118 -53 +51 -91 +85 +100 +104 +55 +45 +37 +93 -67 -50 +73 +61 -74 -86 +89 +54 -52 +78 +79 +77 +98 +71 -59 +84 +62 +105 -40 +72 -119 -87 -120
+1 +2 +3 +4 +5 +6 +7 +8 +9 +10 +11 +12 +13 +14 +15 +16 +17 +18 +19 +20 +21 +22 +23 +24 +25 +26 +27 +28 +29 +30 +31 +32 +33 +34 +35 +36 -37 -45 -55 -104 -100 -85 +91 -51 +53 -118 -81 +68 -111 +75 -115 -121 -114 -80 +112 +116 +117 +70 -44 +101 -39 +43 +60 +106 +110 -99 +103 +102 +108 +58 -48 +41 -38 +88 +57 -92 +82 -83 +65 +95 -107 -96 -76 +109 -46 +97 -47 -64 +113 -69 +63 +90 +49 -66 +42 +94 -56 +93 -67 -50 +73 +61 -74 -86 +89 +54 -52 +78 +79 +77 +98 +71 -59 +84 +62 +105 -40 +72 -119 -87 -120
+1 +2 +3 +4 +5 +6 +7 +8 +9 +10 +11 +12 +13 +14 +15 +16 +17 +18 +19 +20 +21 +22 +23 +24 +25 +26 +27 +28 +29 +30 +31 +32 +33 +34 +35 +36 +37 -45 -55 -104 -100 -85 +91 -51 +53 -118 -81 +68 -111 +75 -115 -121 -114 -80 +112 +116 +117 +70 -44 +101 -39 +43 +60 +106 +110 -99 +103 +102 +108 +58 -48 +41 -38 +88 +57 -92 +82 -83 +65 +95 -107 -96 -76 +109 -46 +97 -47 -64 +113 -69 +63 +90 +49 -66 +42 +94 -56 +93 -67 -50 +73 +61 -74 -86 +89 +54 -52 +78 +79 +77 +98 +71 -59 +84 +62 +105 -40 +72 -119 -87 -120
+1 +2 +3 +4 +5 +6 +7 +8 +9 +10 +11 +12 +13 +14 +15 +16 +17 +18 +19 +20 +21 +22 +23 +24 +25 +26 +27 +28 +29 +30 +31 +32 +33 +34 +35 +36 +37 +38 -41 +48 -58 -108 -102 -103 +99 -110 -106 -60 -43 +39 -101 +44 -70 -117 -116 -112 +80 +114 +121 +115 -75 +111 -68 +81 +118 -53 +51 -91 +85 +100 +104 +55 +45 +88 +57 -92 +82 -83 +65 +95 -107 -96 -76 +109 -46 +97 -47 -64 +113 -69 +63 +90 +49 -66 +42 +94 -56 +93 -67 -50 +73 +61 -74 -86 +89 +54 -52 +78 +79 +77 +98 +71 -59 +84 +62 +105 -40 +72 -119 -87 -120
+1 +2 +3 +4 +5 +6 +7 +8 +9 +10 +11 +12 +13 +14 +15 +16 +17 +18 +19 +20 +21 +22 +23 +24 +25 +26 +27 +28 +29 +30 +31 +32 +33 +34 +35 +36 +37 +38 -39 +43 +60 +106 +110 -99 +103 +102 +108 +58 -48 +41 -101 +44 -70 -117 -116 -112 +80 +114 +121 +115 -75 +111 -68 +81 +118 -53 +51 -91 +85 +100 +104 +55 +45 +88 +57 -92 +82 -83 +65 +95 -107 -96 -76 +109 -46 +97 -47 -64 +113 -69 +63 +90 +49 -66 +42 +94 -56 +93 -67 -50 +73 +61 -74 -86 +89 +54 -52 +78 +79 +77 +98 +71 -59 +84 +62 +105 -40 +72 -119 -87 -120
+1 +2 +3 +4 +5 +6 +7 +8 +9 +10 +11 +12 +13 +14 +15 +16 +17 +18 +19 +20 +21 +22 +23 +24 +25 +26 +27 +28 +29 +30 +31 +32 +33 +34 +35 +36 +37 +38 +39 +43 +60 +106 +110 -99 +103 +102 +108 +58 -48 +41 -101 +44 -70 -117 -116 -112 +80 +114 +121 +115 -75 +111 -68 +81 +118 -53 +51 -91 +85 +100 +104 +55 +45 +88 +57 -92 +82 -83 +65 +95 -107 -96 -76 +109 -46 +97 -47 -64 +113 -69 +63 +90 +49 -66 +42 +94 -56 +93 -67 -50 +73 +61 -74 -86 +89 +54 -52 +78 +79 +77 +98 +71 -59 +84 +62 +105 -40 +72 -119 -87 -120
+1 +2 +3 +4 +5 +6 +7 +8 +9 +10 +11 +12 +13 +14 +15 +16 +17 +18 +19 +20 +21 +22 +23 +24 +25 +26 +27 +28 +29 +30 +31 +32 +33 +34 +35 +36 +37 +38 +39 +40 -105 -62 -84 +59 -71 -98 -77 -79 -78 +52 -54 -89 +86 +74 -61 -73 +50 +67 -93 +56 -94 -42 +66 -49 -90 -63 +69 -113 +64 +47 -97 +46 -109 +76 +96 +107 -95 -65 +83 -82 +92 -57 -88 -45 -55 -104 -100 -85 +91 -51 +53 -118 -81 +68 -111 +75 -115 -121 -114 -80 +112 +116 +117 +70 -44 +101 -41 +48 -58 -108 -102 -103 +99 -110 -106 -60 -43 +72 -119 -87 -120
+1 +2 +3 +4 +5 +6 +7 +8 +9 +10 +11 +12 +13 +14 +15 +16 +17 +18 +19 +20 +21 +22 +23 +24 +25 +26 +27 +28 +29 +30 +31 +32 +33 +34 +35 +36 +37 +38 +39 +40 +41 -101 +44 -70 -117 -116 -112 +80 +114 +121 +115 -75 +111 -68 +81 +118 -53 +51 -91 +85 +100 +104 +55 +45 +88 +57 -92 +82 -83 +65 +95 -107 -96 -76 +109 -46 +97 -47 -64 +113 -69 +63 +90 +49 -66 +42 +94 -56 +93 -67 -50 +73 +61 -74 -86 +89 +54 -52 +78 +79 +77 +98 +71 -59 +84 +62 +105 +48 -58 -108 -102 -103 +99 -110 -106 -60 -43 +72 -119 -87 -120
+1 +2 +3 +4 +5 +6 +7 +8 +9 +10 +11 +12 +13 +14 +15 +16 +17 +18 +19 +20 +21 +22 +23 +24 +25 +26 +27 +28 +29 +30 +31 +32 +33 +34 +35 +36 +37 +38 +39 +40 +41 -42 +66 -49 -90 -63 +69 -113 +64 +47 -97 +46 -109 +76 +96 +107 -95 -65 +83 -82 +92 -57 -88 -45 -55 -104 -100 -85 +91 -51 +53 -118 -81 +68 -111 +75 -115 -121 -114 -80 +112 +116 +117 +70 -44 +101 +94 -56 +93 -67 -50 +73 +61 -74 -86 +89 +54 -52 +78 +79 +77 +98 +71 -59 +84 +62 +105 +48 -58 -108 -102 -103 +99 -110 -106 -60 -43 +72 -119 -87 -120
+1 +2 +3 +4 +5 +6 +7 +8 +9 +10 +11 +12 +13 +14 +15 +16 +17 +18 +19 +20 +21 +22 +23 +24 +25 +26 +27 +28 +29 +30 +31 +32 +33 +34 +35 +36 +37 +38 +39 +40 +41 +42 +66 -49 -90 -63 +69 -113 +64 +47 -97 +46 -109 +76 +96 +107 -95 -65 +83 -82 +92 -57 -88 -45 -55 -104 -100 -85 +91 -51 +53 -118 -81 +68 -111 +75 -115 -121 -114 -80 +112 +116 +117 +70 -44 +101 +94 -56 +93 -67 -50 +73 +61 -74 -86 +89 +54 -52 +78 +79 +77 +98 +71 -59 +84 +62 +105 +48 -58 -108 -102 -103 +99 -110 -106 -60 -43 +72 -119 -87 -120
+1 +2 +3 +4 +5 +6 +7 +8 +9 +10 +11 +12 +13 +14 +15 +16 +17 +18 +19 +20 +21 +22 +23 +24 +25 +26 +27 +28 +29 +30 +31 +32 +33 +34 +35 +36 +37 +38 +39 +40 +41 +42 +43 +60 +106 +110 -99 +103 +102 +108 +58 -48 -105 -62 -84 +59 -71 -98 -77 -79 -78 +52 -54 -89 +86 +74 -61 -73 +50 +67 -93 +56 -94 -101 +44 -70 -117 -116 -112 +80 +114 +121 +115 -75 +111 -68 +81 +118 -53 +51 -91 +85 +100 +104 +55 +45 +88 +57 -92 +82 -83 +65 +95 -107 -96 -76 +109 -46 +97 -47 -64 +113 -69 +63 +90 +49 -66 +72 -119 -87 -120
+1 +2 +3 +4 +5 +6 +7 +8 +9 +10 +11 +12 +13 +14 +15 +16 +17 +18 +19 +20 +21 +22 +23 +24 +25 +26 +27 +28 +29 +30 +31 +32 +33 +34 +35 +36 +37 +38 +39 +40 +41 +42 +43 -44 +101 +94 -56 +93 -67 -50 +73 +61 -74 -86 +89 +54 -52 +78 +79 +77 +98 +71 -59 +84 +62 +105 +48 -58 -108 -102 -103 +99 -110 -106 -60 -70 -117 -116 -112 +80 +114 +121 +115 -75 +111 -68 +81 +118 -53 +51 -91 +85 +100 +104 +55 +45 +88 +57 -92 +82 -83 +65 +95 -107 -96 -76 +109 -46 +97 -47 -64 +113 -69 +63 +90 +49 -66 +72 -119 -87 -120
+1 +2 +3 +4 +5 +6 +7 +8 +9 +10 +11 +12 +13 +14 +15 +16 +17 +18 +19 +20 +21 +22 +23 +24 +25 +26 +27 +28 +29 +30 +31 +32 +33 +34 +35 +36 +37 +38 +39 +40 +41 +42 +43 +44 +101 +94 -56 +93 -67 -50 +73 +61 -74 -86 +89 +54 -52 +78 +79 +77 +98 +71 -59 +84 +62 +105 +48 -58 -108 -102 -103 +99 -110 -106 -60 -70 -117 -116 -112 +80 +114 +121 +115 -75 +111 -68 +81 +118 -53 +51 -91 +85 +100 +104 +55 +45 +88 +57 -92 +82 -83 +65 +95 -107 -96 -76 +109 -46 +97 -47 -64 +113 -69 +63 +90 +49 -66 +72 -119 -87 -120
+1 +2 +3 +4 +5 +6 +7 +8 +9 +10 +11 +12 +13 +14 +15 +16 +17 +18 +19 +20 +21 +22 +23 +24 +25 +26 +27 +28 +29 +30 +31 +32 +33 +34 +35 +36 +37 +38 +39 +40 +41 +42 +43 +44 -45 -55 -104 -100 -85 +91 -51 +53 -118 -81 +68 -111 +75 -115 -121 -114 -80 +112 +116 +117 +70 +60 +106 +110 -99 +103 +102 +108 +58 -48 -105 -62 -84 +59 -71 -98 -77 -79 -78 +52 -54 -89 +86 +74 -61 -73 +50 +67 -93 +56 -94 -101 +88 +57 -92 +82 -83 +65 +95 -107 -96 -76 +109 -46 +97 -47 -64 +113 -69 +63 +90 +49 -66 +72 -119 -87 -120
+1 +2 +3 +4 +5 +6 +7 +8 +9 +10 +11 +12 +13 +14 +15 +16 +17 +18 +19 +20 +21 +22 +23 +24 +25 +26 +27 +28 +29 +30 +31 +32 +33 +34 +35 +36 +37 +38 +39 +40 +41 +42 +43 +44 +45 -55 -104 -100 -85 +91 -51 +53 -118 -81 +68 -111 +75 -115 -121 -114 -80 +112 +116 +117 +70 +60 +106 +110 -99 +103 +102 +108 +58 -48 -105 -62 -84 +59 -71 -98 -77 -79 -78 +52 -54 -89 +86 +74 -61 -73 +50 +67 -93 +56 -94 -101 +88 +57 -92 +82 -83 +65 +95 -107 -96 -76 +109 -46 +97 -47 -64 +113 -69 +63 +90 +49 -66 +72 -119 -87 -120
+1 +2 +3 +4 +5 +6 +7 +8 +9 +10 +11 +12 +13 +14 +15 +16 +17 +18 +19 +20 +21 +22 +23 +24 +25 +26 +27 +28 +29 +30 +31 +32 +33 +34 +35 +36 +37 +38 +39 +40 +41 +42 +43 +44 +45 +46 -109 +76 +96 +107 -95 -65 +83 -82 +92 -57 -88 +101 +94 -56 +93 -67 -50 +73 +61 -74 -86 +89 +54 -52 +78 +79 +77 +98 +71 -59 +84 +62 +105 +48 -58 -108 -102 -103 +99 -110 -106 -60 -70 -117 -116 -112 +80 +114 +121 +115 -75 +111 -68 +81 +118 -53 +51 -91 +85 +100 +104 +55 +97 -47 -64 +113 -69 +63 +90 +49 -66 +72 -119 -87 -120
+1 +2 +3 +4 +5 +6 +7 +8 +9 +10 +11 +12 +13 +14 +15 +16 +17 +18 +19 +20 +21 +22 +23 +24 +25 +26 +27 +28 +29 +30 +31 +32 +33 +34 +35 +36 +37 +38 +39 +40 +41 +42 +43 +44 +45 +46 +47 -97 -55 -104 -100 -85 +91 -51 +53 -118 -81 +68 -111 +75 -115 -121 -114 -80 +112 +116 +117 +70 +60 +106 +110 -99 +103 +102 +108 +58 -48 -105 -62 -84 +59 -71 -98 -77 -79 -78 +52 -54 -89 +86 +74 -61 -73 +50 +67 -93 +56 -94 -101 +88 +57 -92 +82 -83 +65 +95 -107 -96 -76 +109 -64 +113 -69 +63 +90 +49 -66 +72 -119 -87 -120
+1 +2 +3 +4 +5 +6 +7 +8 +9 +10 +11 +12 +13 +14 +15 +16 +17 +18 +19 +20 +21 +22 +23 +24 +25 +26 +27 +28 +29 +30 +31 +32 +33 +34 +35 +36 +37 +38 +39 +40 +41 +42 +43 +44 +45 +46 +47 +48 -58 -108 -102 -103 +99 -110 -106 -60 -70 -117 -116 -112 +80 +114 +121 +115 -75 +111 -68 +81 +118 -53 +51 -91 +85 +100 +104 +55 +97 -105 -62 -84 +59 -71 -98 -77 -79 -78 +52 -54 -89 +86 +74 -61 -73 +50 +67 -93 +56 -94 -101 +88 +57 -92 +82 -83 +65 +95 -107 -96 -76 +109 -64 +113 -69 +63 +90 +49 -66 +72 -119 -87 -120
+1 +2 +3 +4 +5 +6 +7 +8 +9 +10 +11 +12 +13 +14 +15 +16 +17 +18 +19 +20 +21 +22 +23 +24 +25 +26 +27 +28 +29 +30 +31 +32 +33 +34 +35 +36 +37 +38 +39 +40 +41 +42 +43 +44 +45 +46 +47 +48 -49 -90 -63 +69 -113 +64 -109 +76 +96 +107 -95 -65 +83 -82 +92 -57 -88 +101 +94 -56 +93 -67 -50 +73 +61 -74 -86 +89 +54 -52 +78 +79 +77 +98 +71 -59 +84 +62 +105 -97 -55 -104 -100 -85 +91 -51 +53 -118 -81 +68 -111 +75 -115 -121 -114 -80 +112 +116 +117 +70 +60 +106 +110 -99 +103 +102 +108 +58 -66 +72 -119 -87 -120
+1 +2 +3 +4 +5 +6 +7 +8 +9 +10 +11 +12 +13 +14 +15 +16 +17 +18 +19 +20 +21 +22 +23 +24 +25 +26 +27 +28 +29 +30 +31 +32 +33 +34 +35 +36 +37 +38 +39 +40 +41 +42 +43 +44 +45 +46 +47 +48 +49 -90 -63 +69 -113 +64 -109 +76 +96 +107 -95 -65 +83 -82 +92 -57 -88 +101 +94 -56 +93 -67 -50 +73 +61 -74 -86 +89 +54 -52 +78 +79 +77 +98 +71 -59 +84 +62 +105 -97 -55 -104 -100 -85 +91 -51 +53 -118 -81 +68 -111 +75 -115 -121 -114 -80 +112 +116 +117 +70 +60 +106 +110 -99 +103 +102 +108 +58 -66 +72 -119 -87 -120
+1 +2 +3 +4 +5 +6 +7 +8 +9 +10 +11 +12 +13 +14 +15 +16 +17 +18 +19 +20 +21 +22 +23 +24 +25 +26 +27 +28 +29 +30 +31 +32 +33 +34 +35 +36 +37 +38 +39 +40 +41 +42 +43 +44 +45 +46 +47 +48 +49 +50 +67 -93 +56 -94 -101 +88 +57 -92 +82 -83 +65 +95 -107 -96 -76 +109 -64 +113 -69 +63 +90 +73 +61 -74 -86 +89 +54 -52 +78 +79 +77 +98 +71 -59 +84 +62 +105 -97 -55 -104 -100 -85 +91 -51 +53 -118 -81 +68 -111 +75 -115 -121 -114 -80 +112 +116 +117 +70 +60 +106 +110 -99 +103 +102 +108 +58 -66 +72 -119 -87 -120
+1 +2 +3 +4 +5 +6 +7 +8 +9 +10 +11 +12 +13 +14 +15 +16 +17 +18 +19 +20 +21 +22 +23 +24 +25 +26 +27 +28 +29 +30 +31 +32 +33 +34 +35 +36 +37 +38 +39 +40 +41 +42 +43 +44 +45 +46 +47 +48 +49 +50 +51 -91 +85 +100 +104 +55 +97 -105 -62 -84 +59 -71 -98 -77 -79 -78 +52 -54 -89 +86 +74 -61 -73 -90 -63 +69 -113 +64 -109 +76 +96 +107 -95 -65 +83 -82 +92 -57 -88 +101 +94 -56 +93 -67 +53 -118 -81 +68 -111 +75 -115 -121 -114 -80 +112 +116 +117 +70 +60 +106 +110 -99 +103 +102 +108 +58 -66 +72 -119 -87 -120
+1 +2 +3 +4 +5 +6 +7 +8 +9 +10 +11 +12 +13 +14 +15 +16 +17 +18 +19 +20 +21 +22 +23 +24 +25 +26 +27 +28 +29 +30 +31 +32 +33 +34 +35 +36 +37 +38 +39 +40 +41 +42 +43 +44 +45 +46 +47 +48 +49 +50 +51 -52 +78 +79 +77 +98 +71 -59 +84 +62 +105 -97 -55 -104 -100 -85 +91 -54 -89 +86 +74 -61 -73 -90 -63 +69 -113 +64 -109 +76 +96 +107 -95 -65 +83 -82 +92 -57 -88 +101 +94 -56 +93 -67 +53 -118 -81 +68 -111 +75 -115 -121 -114 -80 +112 +116 +117 +70 +60 +106 +110 -99 +103 +102 +108 +58 -66 +72 -119 -87 -120
+1 +2 +3 +4 +5 +6 +7 +8 +9 +10 +11 +12 +13 +14 +15 +16 +17 +18 +19 +20 +21 +22 +23 +24 +25 +26 +27 +28 +29 +30 +31 +32 +33 +34 +35 +36 +37 +38 +39 +40 +41 +42 +43 +44 +45 +46 +47 +48 +49 +50 +51 +52 +78 +79 +77 +98 +71 -59 +84 +62 +105 -97 -55 -104 -100 -85 +91 -54 -89 +86 +74 -61 -73 -90 -63 +69 -113 +64 -109 +76 +96 +107 -95 -65 +83 -82 +92 -57 -88 +101 +94 -56 +93 -67 +53 -118 -81 +68 -111 +75 -115 -121 -114 -80 +112 +116 +117 +70 +60 +106 +110 -99 +103 +102 +108 +58 -66 +72 -119 -87 -120
+1 +2 +3 +4 +5 +6 +7 +8 +9 +10 +11 +12 +13 +14 +15 +16 +17 +18 +19 +20 +21 +22 +23 +24 +25 +26 +27 +28 +29 +30 +31 +32 +33 +34 +35 +36 +37 +38 +39 +40 +41 +42 +43 +44 +45 +46 +47 +48 +49 +50 +51 +52 -53 +67 -93 +56 -94 -101 +88 +57 -92 +82 -83 +65 +95 -107 -96 -76 +109 -64 +113 -69 +63 +90 +73 +61 -74 -86 +89 +54 -91 +85 +100 +104 +55 +97 -105 -62 -84 +59 -71 -98 -77 -79 -78 -118 -81 +68 -111 +75 -115 -121 -114 -80 +112 +116 +117 +70 +60 +106 +110 -99 +103 +102 +108 +58 -66 +72 -119 -87 -120
+1 +2 +3 +4 +5 +6 +7 +8 +9 +10 +11 +12 +13 +14 +15 +16 +17 +18 +19 +20 +21 +22 +23 +24 +25 +26 +27 +28 +29 +30 +31 +32 +33 +34 +35 +36 +37 +38 +39 +40 +41 +42 +43 +44 +45 +46 +47 +48 +49 +50 +51 +52 +53 +67 -93 +56 -94 -101 +88 +57 -92 +82 -83 +65 +95 -107 -96 -76 +109 -64 +113 -69 +63 +90 +73 +61 -74 -86 +89 +54 -91 +85 +100 +104 +55 +97 -105 -62 -84 +59 -71 -98 -77 -79 -78 -118 -81 +68 -111 +75 -115 -121 -114 -80 +112 +116 +117 +70 +60 +106 +110 -99 +103 +102 +108 +58 -66 +72 -119 -87 -120
+1 +2 +3 +4 +5 +6 +7 +8 +9 +10 +11 +12 +13 +14 +15 +16 +17 +18 +19 +20 +21 +22 +23 +24 +25 +26 +27 +28 +29 +30 +31 +32 +33 +34 +35 +36 +37 +38 +39 +40 +41 +42 +43 +44 +45 +46 +47 +48 +49 +50 +51 +52 +53 -54 -89 +86 +74 -61 -73 -90 -63 +69 -113 +64 -109 +76 +96 +107 -95 -65 +83 -82 +92 -57 -88 +101 +94 -56 +93 -67 -91 +85 +100 +104 +55 +97 -105 -62 -84 +59 -71 -98 -77 -79 -78 -118 -81 +68 -111 +75 -115 -121 -114 -80 +112 +116 +117 +70 +60 +106 +110 -99 +103 +102 +108 +58 -66 +72 -119 -87 -120
+1 +2 +3 +4 +5 +6 +7 +8 +9 +10 +11 +12 +13 +14 +15 +16 +17 +18 +19 +20 +21 +22 +23 +24 +25 +26 +27 +28 +29 +30 +31 +32 +33 +34 +35 +36 +37 +38 +39 +40 +41 +42 +43 +44 +45 +46 +47 +48 +49 +50 +51 +52 +53 +54 -89 +86 +74 -61 -73 -90 -63 +69 -113 +64 -109 +76 +96 +107 -95 -65 +83 -82 +92 -57 -88 +101 +94 -56 +93 -67 -91 +85 +100 +104 +55 +97 -105 -62 -84 +59 -71 -98 -77 -79 -78 -118 -81 +68 -111 +75 -115 -121 -114 -80 +112 +116 +117 +70 +60 +106 +110 -99 +103 +102 +108 +58 -66 +72 -119 -87 -120
+1 +2 +3 +4 +5 +6 +7 +8 +9 +10 +11 +12 +13 +14 +15 +16 +17 +18 +19 +20 +21 +22 +23 +24 +25 +26 +27 +28 +29 +30 +31 +32 +33 +34 +35 +36 +37 +38 +39 +40 +41 +42 +43 +44 +45 +46 +47 +48 +49 +50 +51 +52 +53 +54 -55 -104 -100 -85 +91 +67 -93 +56 -94 -101 +88 +57 -92 +82 -83 +65 +95 -107 -96 -76 +109 -64 +113 -69 +63 +90 +73 +61 -74 -86 +89 +97 -105 -62 -84 +59 -71 -98 -77 -79 -78 -118 -81 +68 -111 +75 -115 -121 -114 -80 +112 +116 +117 +70 +60 +106 +110 -99 +103 +102 +108 +58 -66 +72 -119 -87 -120
+1 +2 +3 +4 +5 +6 +7 +8 +9 +10 +11 +12 +13 +14 +15 +16 +17 +18 +19 +20 +21 +22 +23 +24 +25 +26 +27 +28 +29 +30 +31 +32 +33 +34 +35 +36 +37 +38 +39 +40 +41 +42 +43 +44 +45 +46 +47 +48 +49 +50 +51 +52 +53 +54 +55 -104 -100 -85 +91 +67 -93 +56 -94 -101 +88 +57 -92 +82 -83 +65 +95 -107 -96 -76 +109 -64 +113 -69 +63 +90 +73 +61 -74 -86 +89 +97 -105 -62 -84 +59 -71 -98 -77 -79 -78 -118 -81 +68 -111 +75 -115 -121 -114 -80 +112 +116 +117 +70 +60 +106 +110 -99 +103 +102 +108 +58 -66 +72 -119 -87 -120
+1 +2 +3 +4 +5 +6 +7 +8 +9 +10 +11 +12 +13 +14 +15 +16 +17 +18 +19 +20 +21 +22 +23 +24 +25 +26 +27 +28 +29 +30 +31 +32 +33 +34 +35 +36 +37 +38 +39 +40 +41 +42 +43 +44 +45 +46 +47 +48 +49 +50 +51 +52 +53 +54 +55 -56 +93 -67 -91 +85 +100 +104 -94 -101 +88 +57 -92 +82 -83 +65 +95 -107 -96 -76 +109 -64 +113 -69 +63 +90 +73 +61 -74 -86 +89 +97 -105 -62 -84 +59 -71 -98 -77 -79 -78 -118 -81 +68 -111 +75 -115 -121 -114 -80 +112 +116 +117 +70 +60 +106 +110 -99 +103 +102 +108 +58 -66 +72 -119 -87 -120
+1 +2 +3 +4 +5 +6 +7 +8 +9 +10 +11 +12 +13 +14 +15 +16 +17 +18 +19 +20 +21 +22 +23 +24 +25 +26 +27 +28 +29 +30 +31 +32 +33 +34 +35 +36 +37 +38 +39 +40 +41 +42 +43 +44 +45 +46 +47 +48 +49 +50 +51 +52 +53 +54 +55 +56 +93 -67 -91 +85 +100 +104 -94 -101 +88 +57 -92 +82 -83 +65 +95 -107 -96 -76 +109 -64 +113 -69 +63 +90 +73 +61 -74 -86 +89 +97 -105 -62 -84 +59 -71 -98 -77 -79 -78 -118 -81 +68 -111 +75 -115 -121 -114 -80 +112 +116 +117 +70 +60 +106 +110 -99 +103 +102 +108 +58 -66 +72 -119 -87 -120
+1 +2 +3 +4 +5 +6 +7 +8 +9 +10 +11 +12 +13 +14 +15 +16 +17 +18 +19 +20 +21 +22 +23 +24 +25 +26 +27 +28 +29 +30 +31 +32 +33 +34 +35 +36 +37 +38 +39 +40 +41 +42 +43 +44 +45 +46 +47 +48 +49 +50 +51 +52 +53 +54 +55 +56 -57 -88 +101 +94 -104 -100 -85 +91 +67 -93 -92 +82 -83 +65 +95 -107 -96 -76 +109 -64 +113 -69 +63 +90 +73 +61 -74 -86 +89 +97 -105 -62 -84 +59 -71 -98 -77 -79 -78 -118 -81 +68 -111 +75 -115 -121 -114 -80 +112 +116 +117 +70 +60 +106 +110 -99 +103 +102 +108 +58 -66 +72 -119 -87 -120
+1 +2 +3 +4 +5 +6 +7 +8 +9 +10 +11 +12 +13 +14 +15 +16 +17 +18 +19 +20 +21 +22 +23 +24 +25 +26 +27 +28 +29 +30 +31 +32 +33 +34 +35 +36 +37 +38 +39 +40 +41 +42 +43 +44 +45 +46 +47 +48 +49 +50 +51 +52 +53 +54 +55 +56 +57 -88 +101 +94 -104 -100 -85 +91 +67 -93 -92 +82 -83 +65 +95 -107 -96 -76 +109 -64 +113 -69 +63 +90 +73 +61 -74 -86 +89 +97 -105 -62 -84 +59 -71 -98 -77 -79 -78 -118 -81 +68 -111 +75 -115 -121 -114 -80 +112 +116 +117 +70 +60 +106 +110 -99 +103 +102 +108 +58 -66 +72 -119 -87 -120
+1 +2 +3 +4 +5 +6 +7 +8 +9 +10 +11 +12 +13 +14 +15 +16 +17 +18 +19 +20 +21 +22 +23 +24 +25 +26 +27 +28 +29 +30 +31 +32 +33 +34 +35 +36 +37 +38 +39 +40 +41 +42 +43 +44 +45 +46 +47 +48 +49 +50 +51 +52 +53 +54 +55 +56 +57 -58 -108 -102 -103 +99 -110 -106 -60 -70 -117 -116 -112 +80 +114 +121 +115 -75 +111 -68 +81 +118 +78 +79 +77 +98 +71 -59 +84 +62 +105 -97 -89 +86 +74 -61 -73 -90 -63 +69 -113 +64 -109 +76 +96 +107 -95 -65 +83 -82 +92 +93 -67 -91 +85 +100 +104 -94 -101 +88 -66 +72 -119 -87 -120
+1 +2 +3 +4 +5 +6 +7 +8 +9 +10 +11 +12 +13 +14 +15 +16 +17 +18 +19 +20 +21 +22 +23 +24 +25 +26 +27 +28 +29 +30 +31 +32 +33 +34 +35 +36 +37 +38 +39 +40 +41 +42 +43 +44 +45 +46 +47 +48 +49 +50 +51 +52 +53 +54 +55 +56 +57 +58 -108 -102 -103 +99 -110 -106 -60 -70 -117 -116 -112 +80 +114 +121 +115 -75 +111 -68 +81 +118 +78 +79 +77 +98 +71 -59 +84 +62 +105 -97 -89 +86 +74 -61 -73 -90 -63 +69 -113 +64 -109 +76 +96 +107 -95 -65 +83 -82 +92 +93 -67 -91 +85 +100 +104 -94 -101 +88 -66 +72 -119 -87 -120
+1 +2 +3 +4 +5 +6 +7 +8 +9 +10 +11 +12 +13 +14 +15 +16 +17 +18 +19 +20 +21 +22 +23 +24 +25 +26 +27 +28 +29 +30 +31 +32 +33 +34 +35 +36 +37 +38 +39 +40 +41 +42 +43 +44 +45 +46 +47 +48 +49 +50 +51 +52 +53 +54 +55 +56 +57 +58 +59 -71 -98 -77 -79 -78 -118 -81 +68 -111 +75 -115 -121 -114 -80 +112 +116 +117 +70 +60 +106 +110 -99 +103 +102 +108 +84 +62 +105 -97 -89 +86 +74 -61 -73 -90 -63 +69 -113 +64 -109 +76 +96 +107 -95 -65 +83 -82 +92 +93 -67 -91 +85 +100 +104 -94 -101 +88 -66 +72 -119 -87 -120
+1 +2 +3 +4 +5 +6 +7 +8 +9 +10 +11 +12 +13 +14 +15 +16 +17 +18 +19 +20 +21 +22 +23 +24 +25 +26 +27 +28 +29 +30 +31 +32 +33 +34 +35 +36 +37 +38 +39 +40 +41 +42 +43 +44 +45 +46 +47 +48 +49 +50 +51 +52 +53 +54 +55 +56 +57 +58 +59 -60 -70 -117 -116 -112 +80 +114 +121 +115 -75 +111 -68 +81 +118 +78 +79 +77 +98 +71 +106 +110 -99 +103 +102 +108 +84 +62 +105 -97 -89 +86 +74 -61 -73 -90 -63 +69 -113 +64 -109 +76 +96 +107 -95 -65 +83 -82 +92 +93 -67 -91 +85 +100 +104 -94 -101 +88 -66 +72 -119 -87 -120
+1 +2 +3 +4 +5 +6 +7 +8 +9 +10 +11 +12 +13 +14 +15 +16 +17 +18 +19 +20 +21 +22 +23 +24 +25 +26 +27 +28 +29 +30 +31 +32 +33 +34 +35 +36 +37 +38 +39 +40 +41 +42 +43 +44 +45 +46 +47 +48 +49 +50 +51 +52 +53 +54 +55 +56 +57 +58 +59 +60 -70 -117 -116 -112 +80 +114 +121 +115 -75 +111 -68 +81 +118 +78 +79 +77 +98 +71 +106 +110 -99 +103 +102 +108 +84 +62 +105 -97 -89 +86 +74 -61 -73 -90 -63 +69 -113 +64 -109 +76 +96 +107 -95 -65 +83 -82 +92 +93 -67 -91 +85 +100 +104 -94 -101 +88 -66 +72 -119 -87 -120
+1 +2 +3 +4 +5 +6 +7 +8 +9 +10 +11 +12 +13 +14 +15 +16 +17 +18 +19 +20 +21 +22 +23 +24 +25 +26 +27 +28 +29 +30 +31 +32 +33 +34 +35 +36 +37 +38 +39 +40 +41 +42 +43 +44 +45 +46 +47 +48 +49 +50 +51 +52 +53 +54 +55 +56 +57 +58 +59 +60 +61 -74 -86 +89 +97 -105 -62 -84 -108 -102 -103 +99 -110 -106 -71 -98 -77 -79 -78 -118 -81 +68 -111 +75 -115 -121 -114 -80 +112 +116 +117 +70 -73 -90 -63 +69 -113 +64 -109 +76 +96 +107 -95 -65 +83 -82 +92 +93 -67 -91 +85 +100 +104 -94 -101 +88 -66 +72 -119 -87 -120
+1 +2 +3 +4 +5 +6 +7 +8 +9 +10 +11 +12 +13 +14 +15 +16 +17 +18 +19 +20 +21 +22 +23 +24 +25 +26 +27 +28 +29 +30 +31 +32 +33 +34 +35 +36 +37 +38 +39 +40 +41 +42 +43 +44 +45 +46 +47 +48 +49 +50 +51 +52 +53 +54 +55 +56 +57 +58 +59 +60 +61 +62 +105 -97 -89 +86 +74 -84 -108 -102 -103 +99 -110 -106 -71 -98 -77 -79 -78 -118 -81 +68 -111 +75 -115 -121 -114 -80 +112 +116 +117 +70 -73 -90 -63 +69 -113 +64 -109 +76 +96 +107 -95 -65 +83 -82 +92 +93 -67 -91 +85 +100 +104 -94 -101 +88 -66 +72 -119 -87 -120
+1 +2 +3 +4 +5 +6 +7 +8 +9 +10 +11 +12 +13 +14 +15 +16 +17 +18 +19 +20 +21 +22 +23 +24 +25 +26 +27 +28 +29 +30 +31 +32 +33 +34 +35 +36 +37 +38 +39 +40 +41 +42 +43 +44 +45 +46 +47 +48 +49 +50 +51 +52 +53 +54 +55 +56 +57 +58 +59 +60 +61 +62 +63 +90 +73 -70 -117 -116 -112 +80 +114 +121 +115 -75 +111 -68 +81 +118 +78 +79 +77 +98 +71 +106 +110 -99 +103 +102 +108 +84 -74 -86 +89 +97 -105 +69 -113 +64 -109 +76 +96 +107 -95 -65 +83 -82 +92 +93 -67 -91 +85 +100 +104 -94 -101 +88 -66 +72 -119 -87 -120
+1 +2 +3 +4 +5 +6 +7 +8 +9 +10 +11 +12 +13 +14 +15 +16 +17 +18 +19 +20 +21 +22 +23 +24 +25 +26 +27 +28 +29 +30 +31 +32 +33 +34 +35 +36 +37 +38 +39 +40 +41 +42 +43 +44 +45 +46 +47 +48 +49 +50 +51 +52 +53 +54 +55 +56 +57 +58 +59 +60 +61 +62 +63 -64 +113 -69 +105 -97 -89 +86 +74 -84 -108 -102 -103 +99 -110 -106 -71 -98 -77 -79 -78 -118 -81 +68 -111 +75 -115 -121 -114 -80 +112 +116 +117 +70 -73 -90 -109 +76 +96 +107 -95 -65 +83 -82 +92 +93 -67 -91 +85 +100 +104 -94 -101 +88 -66 +72 -119 -87 -120
+1 +2 +3 +4 +5 +6 +7 +8 +9 +10 +11 +12 +13 +14 +15 +16 +17 +18 +19 +20 +21 +22 +23 +24 +25 +26 +27 +28 +29 +30 +31 +32 +33 +34 +35 +36 +37 +38 +39 +40 +41 +42 +43 +44 +45 +46 +47 +48 +49 +50 +51 +52 +53 +54 +55 +56 +57 +58 +59 +60 +61 +62 +63 +64 +113 -69 +105 -97 -89 +86 +74 -84 -108 -102 -103 +99 -110 -106 -71 -98 -77 -79 -78 -118 -81 +68 -111 +75 -115 -121 -114 -80 +112 +116 +117 +70 -73 -90 -109 +76 +96 +107 -95 -65 +83 -82 +92 +93 -67 -91 +85 +100 +104 -94 -101 +88 -66 +72 -119 -87 -120
+1 +2 +3 +4 +5 +6 +7 +8 +9 +10 +11 +12 +13 +14 +15 +16 +17 +18 +19 +20 +21 +22 +23 +24 +25 +26 +27 +28 +29 +30 +31 +32 +33 +34 +35 +36 +37 +38 +39 +40 +41 +42 +43 +44 +45 +46 +47 +48 +49 +50 +51 +52 +53 +54 +55 +56 +57 +58 +59 +60 +61 +62 +63 +64 +65 +95 -107 -96 -76 +109 +90 +73 -70 -117 -116 -112 +80 +114 +121 +115 -75 +111 -68 +81 +118 +78 +79 +77 +98 +71 +106 +110 -99 +103 +102 +108 +84 -74 -86 +89 +97 -105 +69 -113 +83 -82 +92 +93 -67 -91 +85 +100 +104 -94 -101 +88 -66 +72 -119 -87 -120
+1 +2 +3 +4 +5 +6 +7 +8 +9 +10 +11 +12 +13 +14 +15 +16 +17 +18 +19 +20 +21 +22 +23 +24 +25 +26 +27 +28 +29 +30 +31 +32 +33 +34 +35 +36 +37 +38 +39 +40 +41 +42 +43 +44 +45 +46 +47 +48 +49 +50 +51 +52 +53 +54 +55 +56 +57 +58 +59 +60 +61 +62 +63 +64 +65 +66 -88 +101 +94 -104 -100 -85 +91 +67 -93 -92 +82 -83 +113 -69 +105 -97 -89 +86 +74 -84 -108 -102 -103 +99 -110 -106 -71 -98 -77 -79 -78 -118 -81 +68 -111 +75 -115 -121 -114 -80 +112 +116 +117 +70 -73 -90 -109 +76 +96 +107 -95 +72 -119 -87 -120
+1 +2 +3 +4 +5 +6 +7 +8 +9 +10 +11 +12 +13 +14 +15 +16 +17 +18 +19 +20 +21 +22 +23 +24 +25 +26 +27 +28 +29 +30 +31 +32 +33 +34 +35 +36 +37 +38 +39 +40 +41 +42 +43 +44 +45 +46 +47 +48 +49 +50 +51 +52 +53 +54 +55 +56 +57 +58 +59 +60 +61 +62 +63 +64 +65 +66 -67 -91 +85 +100 +104 -94 -101 +88 -93 -92 +82 -83 +113 -69 +105 -97 -89 +86 +74 -84 -108 -102 -103 +99 -110 -106 -71 -98 -77 -79 -78 -118 -81 +68 -111 +75 -115 -121 -114 -80 +112 +116 +117 +70 -73 -90 -109 +76 +96 +107 -95 +72 -119 -87 -120
+1 +2 +3 +4 +5 +6 +7 +8 +9 +10 +11 +12 +13 +14 +15 +16 +17 +18 +19 +20 +21 +22 +23 +24 +25 +26 +27 +28 +29 +30 +31 +32 +33 +34 +35 +36 +37 +38 +39 +40 +41 +42 +43 +44 +45 +46 +47 +48 +49 +50 +51 +52 +53 +54 +55 +56 +57 +58 +59 +60 +61 +62 +63 +64 +65 +66 +67 -91 +85 +100 +104 -94 -101 +88 -93 -92 +82 -83 +113 -69 +105 -97 -89 +86 +74 -84 -108 -102 -103 +99 -110 -106 -71 -98 -77 -79 -78 -118 -81 +68 -111 +75 -115 -121 -114 -80 +112 +116 +117 +70 -73 -90 -109 +76 +96 +107 -95 +72 -119 -87 -120
+1 +2 +3 +4 +5 +6 +7 +8 +9 +10 +11 +12 +13 +14 +15 +16 +17 +18 +19 +20 +21 +22 +23 +24 +25 +26 +27 +28 +29 +30 +31 +32 +33 +34 +35 +36 +37 +38 +39 +40 +41 +42 +43 +44 +45 +46 +47 +48 +49 +50 +51 +52 +53 +54 +55 +56 +57 +58 +59 +60 +61 +62 +63 +64 +65 +66 +67 -68 +81 +118 +78 +79 +77 +98 +71 +106 +110 -99 +103 +102 +108 +84 -74 -86 +89 +97 -105 +69 -113 +83 -82 +92 +93 -88 +101 +94 -104 -100 -85 +91 -111 +75 -115 -121 -114 -80 +112 +116 +117 +70 -73 -90 -109 +76 +96 +107 -95 +72 -119 -87 -120
+1 +2 +3 +4 +5 +6 +7 +8 +9 +10 +11 +12 +13 +14 +15 +16 +17 +18 +19 +20 +21 +22 +23 +24 +25 +26 +27 +28 +29 +30 +31 +32 +33 +34 +35 +36 +37 +38 +39 +40 +41 +42 +43 +44 +45 +46 +47 +48 +49 +50 +51 +52 +53 +54 +55 +56 +57 +58 +59 +60 +61 +62 +63 +64 +65 +66 +67 +68 +81 +118 +78 +79 +77 +98 +71 +106 +110 -99 +103 +102 +108 +84 -74 -86 +89 +97 -105 +69 -113 +83 -82 +92 +93 -88 +101 +94 -104 -100 -85 +91 -111 +75 -115 -121 -114 -80 +112 +116 +117 +70 -73 -90 -109 +76 +96 +107 -95 +72 -119 -87 -120
+1 +2 +3 +4 +5 +6 +7 +8 +9 +10 +11 +12 +13 +14 +15 +16 +17 +18 +19 +20 +21 +22 +23 +24 +25 +26 +27 +28 +29 +30 +31 +32 +33 +34 +35 +36 +37 +38 +39 +40 +41 +42 +43 +44 +45 +46 +47 +48 +49 +50 +51 +52 +53 +54 +55 +56 +57 +58 +59 +60 +61 +62 +63 +64 +65 +66 +67 +68 -69 +105 -97 -89 +86 +74 -84 -108 -102 -103 +99 -110 -106 -71 -98 -77 -79 -78 -118 -81 -113 +83 -82 +92 +93 -88 +101 +94 -104 -100 -85 +91 -111 +75 -115 -121 -114 -80 +112 +116 +117 +70 -73 -90 -109 +76 +96 +107 -95 +72 -119 -87 -120
+1 +2 +3 +4 +5 +6 +7 +8 +9 +10 +11 +12 +13 +14 +15 +16 +17 +18 +19 +20 +21 +22 +23 +24 +25 +26 +27 +28 +29 +30 +31 +32 +33 +34 +35 +36 +37 +38 +39 +40 +41 +42 +43 +44 +45 +46 +47 +48 +49 +50 +51 +52 +53 +54 +55 +56 +57 +58 +59 +60 +61 +62 +63 +64 +65 +66 +67 +68 +69 +105 -97 -89 +86 +74 -84 -108 -102 -103 +99 -110 -106 -71 -98 -77 -79 -78 -118 -81 -113 +83 -82 +92 +93 -88 +101 +94 -104 -100 -85 +91 -111 +75 -115 -121 -114 -80 +112 +116 +117 +70 -73 -90 -109 +76 +96 +107 -95 +72 -119 -87 -120
+1 +2 +3 +4 +5 +6 +7 +8 +9 +10 +11 +12 +13 +14 +15 +16 +17 +18 +19 +20 +21 +22 +23 +24 +25 +26 +27 +28 +29 +30 +31 +32 +33 +34 +35 +36 +37 +38 +39 +40 +41 +42 +43 +44 +45 +46 +47 +48 +49 +50 +51 +52 +53 +54 +55 +56 +57 +58 +59 +60 +61 +62 +63 +64 +65 +66 +67 +68 +69 -70 -117 -116 -112 +80 +114 +121 +115 -75 +111 -91 +85 +100 +104 -94 -101 +88 -93 -92 +82 -83 +113 +81 +118 +78 +79 +77 +98 +71 +106 +110 -99 +103 +102 +108 +84 -74 -86 +89 +97 -105 -73 -90 -109 +76 +96 +107 -95 +72 -119 -87 -120
+1 +2 +3 +4 +5 +6 +7 +8 +9 +10 +11 +12 +13 +14 +15 +16 +17 +18 +19 +20 +21 +22 +23 +24 +25 +26 +27 +28 +29 +30 +31 +32 +33 +34 +35 +36 +37 +38 +39 +40 +41 +42 +43 +44 +45 +46 +47 +48 +49 +50 +51 +52 +53 +54 +55 +56 +57 +58 +59 +60 +61 +62 +63 +64 +65 +66 +67 +68 +69 +70 -117 -116 -112 +80 +114 +121 +115 -75 +111 -91 +85 +100 +104 -94 -101 +88 -93 -92 +82 -83 +113 +81 +118 +78 +79 +77 +98 +71 +106 +110 -99 +103 +102 +108 +84 -74 -86 +89 +97 -105 -73 -90 -109 +76 +96 +107 -95 +72 -119 -87 -120
+1 +2 +3 +4 +5 +6 +7 +8 +9 +10 +11 +12 +13 +14 +15 +16 +17 +18 +19 +20 +21 +22 +23 +24 +25 +26 +27 +28 +29 +30 +31 +32 +33 +34 +35 +36 +37 +38 +39 +40 +41 +42 +43 +44 +45 +46 +47 +48 +49 +50 +51 +52 +53 +54 +55 +56 +57 +58 +59 +60 +61 +62 +63 +64 +65 +66 +67 +68 +69 +70 -71 -98 -77 -79 -78 -118 -81 -113 +83 -82 +92 +93 -88 +101 +94 -104 -100 -85 +91 -111 +75 -115 -121 -114 -80 +112 +116 +117 +106 +110 -99 +103 +102 +108 +84 -74 -86 +89 +97 -105 -73 -90 -109 +76 +96 +107 -95 +72 -119 -87 -120
+1 +2 +3 +4 +5 +6 +7 +8 +9 +10 +11 +12 +13 +14 +15 +16 +17 +18 +19 +20 +21 +22 +23 +24 +25 +26 +27 +28 +29 +30 +31 +32 +33 +34 +35 +36 +37 +38 +39 +40 +41 +42 +43 +44 +45 +46 +47 +48 +49 +50 +51 +52 +53 +54 +55 +56 +57 +58 +59 +60 +61 +62 +63 +64 +65 +66 +67 +68 +69 +70 +71 -98 -77 -79 -78 -118 -81 -113 +83 -82 +92 +93 -88 +101 +94 -104 -100 -85 +91 -111 +75 -115 -121 -114 -80 +112 +116 +117 +106 +110 -99 +103 +102 +108 +84 -74 -86 +89 +97 -105 -73 -90 -109 +76 +96 +107 -95 +72 -119 -87 -120
+1 +2 +3 +4 +5 +6 +7 +8 +9 +10 +11 +12 +13 +14 +15 +16 +17 +18 +19 +20 +21 +22 +23 +24 +25 +26 +27 +28 +29 +30 +31 +32 +33 +34 +35 +36 +37 +38 +39 +40 +41 +42 +43 +44 +45 +46 +47 +48 +49 +50 +51 +52 +53 +54 +55 +56 +57 +58 +59 +60 +61 +62 +63 +64 +65 +66 +67 +68 +69 +70 +71 -72 +95 -107 -96 -76 +109 +90 +73 +105 -97 -89 +86 +74 -84 -108 -102 -103 +99 -110 -106 -117 -116 -112 +80 +114 +121 +115 -75 +111 -91 +85 +100 +104 -94 -101 +88 -93 -92 +82 -83 +113 +81 +118 +78 +79 +77 +98 -119 -87 -120
+1 +2 +3 +4 +5 +6 +7 +8 +9 +10 +11 +12 +13 +14 +15 +16 +17 +18 +19 +20 +21 +22 +23 +24 +25 +26 +27 +28 +29 +30 +31 +32 +33 +34 +35 +36 +37 +38 +39 +40 +41 +42 +43 +44 +45 +46 +47 +48 +49 +50 +51 +52 +53 +54 +55 +56 +57 +58 +59 +60 +61 +62 +63 +64 +65 +66 +67 +68 +69 +70 +71 +72 +95 -107 -96 -76 +109 +90 +73 +105 -97 -89 +86 +74 -84 -108 -102 -103 +99 -110 -106 -117 -116 -112 +80 +114 +121 +115 -75 +111 -91 +85 +100 +104 -94 -101 +88 -93 -92 +82 -83 +113 +81 +118 +78 +79 +77 +98 -119 -87 -120
+1 +2 +3 +4 +5 +6 +7 +8 +9 +10 +11 +12 +13 +14 +15 +16 +17 +18 +19 +20 +21 +22 +23 +24 +25 +26 +27 +28 +29 +30 +31 +32 +33 +34 +35 +36 +37 +38 +39 +40 +41 +42 +43 +44 +45 +46 +47 +48 +49 +50 +51 +52 +53 +54 +55 +56 +57 +58 +59 +60 +61 +62 +63 +64 +65 +66 +67 +68 +69 +70 +71 +72 -73 -90 -109 +76 +96 +107 -95 +105 -97 -89 +86 +74 -84 -108 -102 -103 +99 -110 -106 -117 -116 -112 +80 +114 +121 +115 -75 +111 -91 +85 +100 +104 -94 -101 +88 -93 -92 +82 -83 +113 +81 +118 +78 +79 +77 +98 -119 -87 -120
+1 +2 +3 +4 +5 +6 +7 +8 +9 +10 +11 +12 +13 +14 +15 +16 +17 +18 +19 +20 +21 +22 +23 +24 +25 +26 +27 +28 +29 +30 +31 +32 +33 +34 +35 +36 +37 +38 +39 +40 +41 +42 +43 +44 +45 +46 +47 +48 +49 +50 +51 +52 +53 +54 +55 +56 +57 +58 +59 +60 +61 +62 +63 +64 +65 +66 +67 +68 +69 +70 +71 +72 +73 -90 -109 +76 +96 +107 -95 +105 -97 -89 +86 +74 -84 -108 -102 -103 +99 -110 -106 -117 -116 -112 +80 +114 +121 +115 -75 +111 -91 +85 +100 +104 -94 -101 +88 -93 -92 +82 -83 +113 +81 +118 +78 +79 +77 +98 -119 -87 -120
+1 +2 +3 +4 +5 +6 +7 +8 +9 +10 +11 +12 +13 +14 +15 +16 +17 +18 +19 +20 +21 +22 +23 +24 +25 +26 +27 +28 +29 +30 +31 +32 +33 +34 +35 +36 +37 +38 +39 +40 +41 +42 +43 +44 +45 +46 +47 +48 +49 +50 +51 +52 +53 +54 +55 +56 +57 +58 +59 +60 +61 +62 +63 +64 +65 +66 +67 +68 +69 +70 +71 +72 +73 -74 -86 +89 +97 -105 +95 -107 -96 -76 +109 +90 -84 -108 -102 -103 +99 -110 -106 -117 -116 -112 +80 +114 +121 +115 -75 +111 -91 +85 +100 +104 -94 -101 +88 -93 -92 +82 -83 +113 +81 +118 +78 +79 +77 +98 -119 -87 -120
+1 +2 +3 +4 +5 +6 +7 +8 +9 +10 +11 +12 +13 +14 +15 +16 +17 +18 +19 +20 +21 +22 +23 +24 +25 +26 +27 +28 +29 +30 +31 +32 +33 +34 +35 +36 +37 +38 +39 +40 +41 +42 +43 +44 +45 +46 +47 +48 +49 +50 +51 +52 +53 +54 +55 +56 +57 +58 +59 +60 +61 +62 +63 +64 +65 +66 +67 +68 +69 +70 +71 +72 +73 +74 -86 +89 +97 -105 +95 -107 -96 -76 +109 +90 -84 -108 -102 -103 +99 -110 -106 -117 -116 -112 +80 +114 +121 +115 -75 +111 -91 +85 +100 +104 -94 -101 +88 -93 -92 +82 -83 +113 +81 +118 +78 +79 +77 +98 -119 -87 -120
+1 +2 +3 +4 +5 +6 +7 +8 +9 +10 +11 +12 +13 +14 +15 +16 +17 +18 +19 +20 +21 +22 +23 +24 +25 +26 +27 +28 +29 +30 +31 +32 +33 +34 +35 +36 +37 +38 +39 +40 +41 +42 +43 +44 +45 +46 +47 +48 +49 +50 +51 +52 +53 +54 +55 +56 +57 +58 +59 +60 +61 +62 +63 +64 +65 +66 +67 +68 +69 +70 +71 +72 +73 +74 +75 -115 -121 -114 -80 +112 +116 +117 +106 +110 -99 +103 +102 +108 +84 -90 -109 +76 +96 +107 -95 +105 -97 -89 +86 +111 -91 +85 +100 +104 -94 -101 +88 -93 -92 +82 -83 +113 +81 +118 +78 +79 +77 +98 -119 -87 -120
+1 +2 +3 +4 +5 +6 +7 +8 +9 +10 +11 +12 +13 +14 +15 +16 +17 +18 +19 +20 +21 +22 +23 +24 +25 +26 +27 +28 +29 +30 +31 +32 +33 +34 +35 +36 +37 +38 +39 +40 +41 +42 +43 +44 +45 +46 +47 +48 +49 +50 +51 +52 +53 +54 +55 +56 +57 +58 +59 +60 +61 +62 +63 +64 +65 +66 +67 +68 +69 +70 +71 +72 +73 +74 +75 -76 +109 +90 -84 -108 -102 -103 +99 -110 -106 -117 -116 -112 +80 +114 +121 +115 +96 +107 -95 +105 -97 -89 +86 +111 -91 +85 +100 +104 -94 -101 +88 -93 -92 +82 -83 +113 +81 +118 +78 +79 +77 +98 -119 -87 -120
+1 +2 +3 +4 +5 +6 +7 +8 +9 +10 +11 +12 +13 +14 +15 +16 +17 +18 +19 +20 +21 +22 +23 +24 +25 +26 +27 +28 +29 +30 +31 +32 +33 +34 +35 +36 +37 +38 +39 +40 +41 +42 +43 +44 +45 +46 +47 +48 +49 +50 +51 +52 +53 +54 +55 +56 +57 +58 +59 +60 +61 +62 +63 +64 +65 +66 +67 +68 +69 +70 +71 +72 +73 +74 +75 +76 +109 +90 -84 -108 -102 -103 +99 -110 -106 -117 -116 -112 +80 +114 +121 +115 +96 +107 -95 +105 -97 -89 +86 +111 -91 +85 +100 +104 -94 -101 +88 -93 -92 +82 -83 +113 +81 +118 +78 +79 +77 +98 -119 -87 -120
+1 +2 +3 +4 +5 +6 +7 +8 +9 +10 +11 +12 +13 +14 +15 +16 +17 +18 +19 +20 +21 +22 +23 +24 +25 +26 +27 +28 +29 +30 +31 +32 +33 +34 +35 +36 +37 +38 +39 +40 +41 +42 +43 +44 +45 +46 +47 +48 +49 +50 +51 +52 +53 +54 +55 +56 +57 +58 +59 +60 +61 +62 +63 +64 +65 +66 +67 +68 +69 +70 +71 +72 +73 +74 +75 +76 -77 -79 -78 -118 -81 -113 +83 -82 +92 +93 -88 +101 +94 -104 -100 -85 +91 -111 -86 +89 +97 -105 +95 -107 -96 -115 -121 -114 -80 +112 +116 +117 +106 +110 -99 +103 +102 +108 +84 -90 -109 +98 -119 -87 -120
+1 +2 +3 +4 +5 +6 +7 +8 +9 +10 +11 +12 +13 +14 +15 +16 +17 +18 +19 +20 +21 +22 +23 +24 +25 +26 +27 +28 +29 +30 +31 +32 +33 +34 +35 +36 +37 +38 +39 +40 +41 +42 +43 +44 +45 +46 +47 +48 +49 +50 +51 +52 +53 +54 +55 +56 +57 +58 +59 +60 +61 +62 +63 +64 +65 +66 +67 +68 +69 +70 +71 +72 +73 +74 +75 +76 +77 -79 -78 -118 -81 -113 +83 -82 +92 +93 -88 +101 +94 -104 -100 -85 +91 -111 -86 +89 +97 -105 +95 -107 -96 -115 -121 -114 -80 +112 +116 +117 +106 +110 -99 +103 +102 +108 +84 -90 -109 +98 -119 -87 -120
+1 +2 +3 +4 +5 +6 +7 +8 +9 +10 +11 +12 +13 +14 +15 +16 +17 +18 +19 +20 +21 +22 +23 +24 +25 +26 +27 +28 +29 +30 +31 +32 +33 +34 +35 +36 +37 +38 +39 +40 +41 +42 +43 +44 +45 +46 +47 +48 +49 +50 +51 +52 +53 +54 +55 +56 +57 +58 +59 +60 +61 +62 +63 +64 +65 +66 +67 +68 +69 +70 +71 +72 +73 +74 +75 +76 +77 +78 +79 -118 -81 -113 +83 -82 +92 +93 -88 +101 +94 -104 -100 -85 +91 -111 -86 +89 +97 -105 +95 -107 -96 -115 -121 -114 -80 +112 +116 +117 +106 +110 -99 +103 +102 +108 +84 -90 -109 +98 -119 -87 -120
+1 +2 +3 +4 +5 +6 +7 +8 +9 +10 +11 +12 +13 +14 +15 +16 +17 +18 +19 +20 +21 +22 +23 +24 +25 +26 +27 +28 +29 +30 +31 +32 +33 +34 +35 +36 +37 +38 +39 +40 +41 +42 +43 +44 +45 +46 +47 +48 +49 +50 +51 +52 +53 +54 +55 +56 +57 +58 +59 +60 +61 +62 +63 +64 +65 +66 +67 +68 +69 +70 +71 +72 +73 +74 +75 +76 +77 +78 +79 +80 +114 +121 +115 +96 +107 -95 +105 -97 -89 +86 +111 -91 +85 +100 +104 -94 -101 +88 -93 -92 +82 -83 +113 +81 +118 +112 +116 +117 +106 +110 -99 +103 +102 +108 +84 -90 -109 +98 -119 -87 -120
+1 +2 +3 +4 +5 +6 +7 +8 +9 +10 +11 +12 +13 +14 +15 +16 +17 +18 +19 +20 +21 +22 +23 +24 +25 +26 +27 +28 +29 +30 +31 +32 +33 +34 +35 +36 +37 +38 +39 +40 +41 +42 +43 +44 +45 +46 +47 +48 +49 +50 +51 +52 +53 +54 +55 +56 +57 +58 +59 +60 +61 +62 +63 +64 +65 +66 +67 +68 +69 +70 +71 +72 +73 +74 +75 +76 +77 +78 +79 +80 -81 -113 +83 -82 +92 +93 -88 +101 +94 -104 -100 -85 +91 -111 -86 +89 +97 -105 +95 -107 -96 -115 -121 -114 +118 +112 +116 +117 +106 +110 -99 +103 +102 +108 +84 -90 -109 +98 -119 -87 -120
+1 +2 +3 +4 +5 +6 +7 +8 +9 +10 +11 +12 +13 +14 +15 +16 +17 +18 +19 +20 +21 +22 +23 +24 +25 +26 +27 +28 +29 +30 +31 +32 +33 +34 +35 +36 +37 +38 +39 +40 +41 +42 +43 +44 +45 +46 +47 +48 +49 +50 +51 +52 +53 +54 +55 +56 +57 +58 +59 +60 +61 +62 +63 +64 +65 +66 +67 +68 +69 +70 +71 +72 +73 +74 +75 +76 +77 +78 +79 +80 +81 -113 +83 -82 +92 +93 -88 +101 +94 -104 -100 -85 +91 -111 -86 +89 +97 -105 +95 -107 -96 -115 -121 -114 +118 +112 +116 +117 +106 +110 -99 +103 +102 +108 +84 -90 -109 +98 -119 -87 -120
+1 +2 +3 +4 +5 +6 +7 +8 +9 +10 +11 +12 +13 +14 +15 +16 +17 +18 +19 +20 +21 +22 +23 +24 +25 +26 +27 +28 +29 +30 +31 +32 +33 +34 +35 +36 +37 +38 +39 +40 +41 +42 +43 +44 +45 +46 +47 +48 +49 +50 +51 +52 +53 +54 +55 +56 +57 +58 +59 +60 +61 +62 +63 +64 +65 +66 +67 +68 +69 +70 +71 +72 +73 +74 +75 +76 +77 +78 +79 +80 +81 +82 -83 +113 +92 +93 -88 +101 +94 -104 -100 -85 +91 -111 -86 +89 +97 -105 +95 -107 -96 -115 -121 -114 +118 +112 +116 +117 +106 +110 -99 +103 +102 +108 +84 -90 -109 +98 -119 -87 -120
+1 +2 +3 +4 +5 +6 +7 +8 +9 +10 +11 +12 +13 +14 +15 +16 +17 +18 +19 +20 +21 +22 +23 +24 +25 +26 +27 +28 +29 +30 +31 +32 +33 +34 +35 +36 +37 +38 +39 +40 +41 +42 +43 +44 +45 +46 +47 +48 +49 +50 +51 +52 +53 +54 +55 +56 +57 +58 +59 +60 +61 +62 +63 +64 +65 +66 +67 +68 +69 +70 +71 +72 +73 +74 +75 +76 +77 +78 +79 +80 +81 +82 +83 +113 +92 +93 -88 +101 +94 -104 -100 -85 +91 -111 -86 +89 +97 -105 +95 -107 -96 -115 -121 -114 +118 +112 +116 +117 +106 +110 -99 +103 +102 +108 +84 -90 -109 +98 -119 -87 -120
+1 +2 +3 +4 +5 +6 +7 +8 +9 +10 +11 +12 +13 +14 +15 +16 +17 +18 +19 +20 +21 +22 +23 +24 +25 +26 +27 +28 +29 +30 +31 +32 +33 +34 +35 +36 +37 +38 +39 +40 +41 +42 +43 +44 +45 +46 +47 +48 +49 +50 +51 +52 +53 +54 +55 +56 +57 +58 +59 +60 +61 +62 +63 +64 +65 +66 +67 +68 +69 +70 +71 +72 +73 +74 +75 +76 +77 +78 +79 +80 +81 +82 +83 -84 -108 -102 -103 +99 -110 -106 -117 -116 -112 -118 +114 +121 +115 +96 +107 -95 +105 -97 -89 +86 +111 -91 +85 +100 +104 -94 -101 +88 -93 -92 -113 -90 -109 +98 -119 -87 -120
+1 +2 +3 +4 +5 +6 +7 +8 +9 +10 +11 +12 +13 +14 +15 +16 +17 +18 +19 +20 +21 +22 +23 +24 +25 +26 +27 +28 +29 +30 +31 +32 +33 +34 +35 +36 +37 +38 +39 +40 +41 +42 +43 +44 +45 +46 +47 +48 +49 +50 +51 +52 +53 +54 +55 +56 +57 +58 +59 +60 +61 +62 +63 +64 +65 +66 +67 +68 +69 +70 +71 +72 +73 +74 +75 +76 +77 +78 +79 +80 +81 +82 +83 +84 -108 -102 -103 +99 -110 -106 -117 -116 -112 -118 +114 +121 +115 +96 +107 -95 +105 -97 -89 +86 +111 -91 +85 +100 +104 -94 -101 +88 -93 -92 -113 -90 -109 +98 -119 -87 -120
+1 +2 +3 +4 +5 +6 +7 +8 +9 +10 +11 +12 +13 +14 +15 +16 +17 +18 +19 +20 +21 +22 +23 +24 +25 +26 +27 +28 +29 +30 +31 +32 +33 +34 +35 +36 +37 +38 +39 +40 +41 +42 +43 +44 +45 +46 +47 +48 +49 +50 +51 +52 +53 +54 +55 +56 +57 +58 +59 +60 +61 +62 +63 +64 +65 +66 +67 +68 +69 +70 +71 +72 +73 +74 +75 +76 +77 +78 +79 +80 +81 +82 +83 +84 -85 +91 -111 -86 +89 +97 -105 +95 -107 -96 -115 -121 -114 +118 +112 +116 +117 +106 +110 -99 +103 +102 +108 +100 +104 -94 -101 +88 -93 -92 -113 -90 -109 +98 -119 -87 -120
+1 +2 +3 +4 +5 +6 +7 +8 +9 +10 +11 +12 +13 +14 +15 +16 +17 +18 +19 +20 +21 +22 +23 +24 +25 +26 +27 +28 +29 +30 +31 +32 +33 +34 +35 +36 +37 +38 +39 +40 +41 +42 +43 +44 +45 +46 +47 +48 +49 +50 +51 +52 +53 +54 +55 +56 +57 +58 +59 +60 +61 +62 +63 +64 +65 +66 +67 +68 +69 +70 +71 +72 +73 +74 +75 +76 +77 +78 +79 +80 +81 +82 +83 +84 +85 +91 -111 -86 +89 +97 -105 +95 -107 -96 -115 -121 -114 +118 +112 +116 +117 +106 +110 -99 +103 +102 +108 +100 +104 -94 -101 +88 -93 -92 -113 -90 -109 +98 -119 -87 -120
+1 +2 +3 +4 +5 +6 +7 +8 +9 +10 +11 +12 +13 +14 +15 +16 +17 +18 +19 +20 +21 +22 +23 +24 +25 +26 +27 +28 +29 +30 +31 +32 +33 +34 +35 +36 +37 +38 +39 +40 +41 +42 +43 +44 +45 +46 +47 +48 +49 +50 +51 +52 +53 +54 +55 +56 +57 +58 +59 +60 +61 +62 +63 +64 +65 +66 +67 +68 +69 +70 +71 +72 +73 +74 +75 +76 +77 +78 +79 +80 +81 +82 +83 +84 +85 +86 +111 -91 +89 +97 -105 +95 -107 -96 -115 -121 -114 +118 +112 +116 +117 +106 +110 -99 +103 +102 +108 +100 +104 -94 -101 +88 -93 -92 -113 -90 -109 +98 -119 -87 -120
+1 +2 +3 +4 +5 +6 +7 +8 +9 +10 +11 +12 +13 +14 +15 +16 +17 +18 +19 +20 +21 +22 +23 +24 +25 +26 +27 +28 +29 +30 +31 +32 +33 +34 +35 +36 +37 +38 +39 +40 +41 +42 +43 +44 +45 +46 +47 +48 +49 +50 +51 +52 +53 +54 +55 +56 +57 +58 +59 +60 +61 +62 +63 +64 +65 +66 +67 +68 +69 +70 +71 +72 +73 +74 +75 +76 +77 +78 +79 +80 +81 +82 +83 +84 +85 +86 +87 +119 -98 +109 +90 +113 +92 +93 -88 +101 +94 -104 -100 -108 -102 -103 +99 -110 -106 -117 -116 -112 -118 +114 +121 +115 +96 +107 -95 +105 -97 -89 +91 -111 -120
+1 +2 +3 +4 +5 +6 +7 +8 +9 +10 +11 +12 +13 +14 +15 +16 +17 +18 +19 +20 +21 +22 +23 +24 +25 +26 +27 +28 +29 +30 +31 +32 +33 +34 +35 +36 +37 +38 +39 +40 +41 +42 +43 +44 +45 +46 +47 +48 +49 +50 +51 +52 +53 +54 +55 +56 +57 +58 +59 +60 +61 +62 +63 +64 +65 +66 +67 +68 +69 +70 +71 +72 +73 +74 +75 +76 +77 +78 +79 +80 +81 +82 +83 +84 +85 +86 +87 +88 -93 -92 -113 -90 -109 +98 -119 +101 +94 -104 -100 -108 -102 -103 +99 -110 -106 -117 -116 -112 -118 +114 +121 +115 +96 +107 -95 +105 -97 -89 +91 -111 -120
+1 +2 +3 +4 +5 +6 +7 +8 +9 +10 +11 +12 +13 +14 +15 +16 +17 +18 +19 +20 +21 +22 +23 +24 +25 +26 +27 +28 +29 +30 +31 +32 +33 +34 +35 +36 +37 +38 +39 +40 +41 +42 +43 +44 +45 +46 +47 +48 +49 +50 +51 +52 +53 +54 +55 +56 +57 +58 +59 +60 +61 +62 +63 +64 +65 +66 +67 +68 +69 +70 +71 +72 +73 +74 +75 +76 +77 +78 +79 +80 +81 +82 +83 +84 +85 +86 +87 +88 +89 +97 -105 +95 -107 -96 -115 -121 -114 +118 +112 +116 +117 +106 +110 -99 +103 +102 +108 +100 +104 -94 -101 +119 -98 +109 +90 +113 +92 +93 +91 -111 -120
+1 +2 +3 +4 +5 +6 +7 +8 +9 +10 +11 +12 +13 +14 +15 +16 +17 +18 +19 +20 +21 +22 +23 +24 +25 +26 +27 +28 +29 +30 +31 +32 +33 +34 +35 +36 +37 +38 +39 +40 +41 +42 +43 +44 +45 +46 +47 +48 +49 +50 +51 +52 +53 +54 +55 +56 +57 +58 +59 +60 +61 +62 +63 +64 +65 +66 +67 +68 +69 +70 +71 +72 +73 +74 +75 +76 +77 +78 +79 +80 +81 +82 +83 +84 +85 +86 +87 +88 +89 -90 -109 +98 -119 +101 +94 -104 -100 -108 -102 -103 +99 -110 -106 -117 -116 -112 -118 +114 +121 +115 +96 +107 -95 +105 -97 +113 +92 +93 +91 -111 -120
+1 +2 +3 +4 +5 +6 +7 +8 +9 +10 +11 +12 +13 +14 +15 +16 +17 +18 +19 +20 +21 +22 +23 +24 +25 +26 +27 +28 +29 +30 +31 +32 +33 +34 +35 +36 +37 +38 +39 +40 +41 +42 +43 +44 +45 +46 +47 +48 +49 +50 +51 +52 +53 +54 +55 +56 +57 +58 +59 +60 +61 +62 +63 +64 +65 +66 +67 +68 +69 +70 +71 +72 +73 +74 +75 +76 +77 +78 +79 +80 +81 +82 +83 +84 +85 +86 +87 +88 +89 +90 -109 +98 -119 +101 +94 -104 -100 -108 -102 -103 +99 -110 -106 -117 -116 -112 -118 +114 +121 +115 +96 +107 -95 +105 -97 +113 +92 +93 +91 -111 -120
+1 +2 +3 +4 +5 +6 +7 +8 +9 +10 +11 +12 +13 +14 +15 +16 +17 +18 +19 +20 +21 +22 +23 +24 +25 +26 +27 +28 +29 +30 +31 +32 +33 +34 +35 +36 +37 +38 +39 +40 +41 +42 +43 +44 +45 +46 +47 +48 +49 +50 +51 +52 +53 +54 +55 +56 +57 +58 +59 +60 +61 +62 +63 +64 +65 +66 +67 +68 +69 +70 +71 +72 +73 +74 +75 +76 +77 +78 +79 +80 +81 +82 +83 +84 +85 +86 +87 +88 +89 +90 -91 -93 -92 -113 +97 -105 +95 -107 -96 -115 -121 -114 +118 +112 +116 +117 +106 +110 -99 +103 +102 +108 +100 +104 -94 -101 +119 -98 +109 -111 -120
+1 +2 +3 +4 +5 +6 +7 +8 +9 +10 +11 +12 +13 +14 +15 +16 +17 +18 +19 +20 +21 +22 +23 +24 +25 +26 +27 +28 +29 +30 +31 +32 +33 +34 +35 +36 +37 +38 +39 +40 +41 +42 +43 +44 +45 +46 +47 +48 +49 +50 +51 +52 +53 +54 +55 +56 +57 +58 +59 +60 +61 +62 +63 +64 +65 +66 +67 +68 +69 +70 +71 +72 +73 +74 +75 +76 +77 +78 +79 +80 +81 +82 +83 +84 +85 +86 +87 +88 +89 +90 +91 -93 -92 -113 +97 -105 +95 -107 -96 -115 -121 -114 +118 +112 +116 +117 +106 +110 -99 +103 +102 +108 +100 +104 -94 -101 +119 -98 +109 -111 -120
+1 +2 +3 +4 +5 +6 +7 +8 +9 +10 +11 +12 +13 +14 +15 +16 +17 +18 +19 +20 +21 +22 +23 +24 +25 +26 +27 +28 +29 +30 +31 +32 +33 +34 +35 +36 +37 +38 +39 +40 +41 +42 +43 +44 +45 +46 +47 +48 +49 +50 +51 +52 +53 +54 +55 +56 +57 +58 +59 +60 +61 +62 +63 +64 +65 +66 +67 +68 +69 +70 +71 +72 +73 +74 +75 +76 +77 +78 +79 +80 +81 +82 +83 +84 +85 +86 +87 +88 +89 +90 +91 +92 +93 -113 +97 -105 +95 -107 -96 -115 -121 -114 +118 +112 +116 +117 +106 +110 -99 +103 +102 +108 +100 +104 -94 -101 +119 -98 +109 -111 -120
+1 +2 +3 +4 +5 +6 +7 +8 +9 +10 +11 +12 +13 +14 +15 +16 +17 +18 +19 +20 +21 +22 +23 +24 +25 +26 +27 +28 +29 +30 +31 +32 +33 +34 +35 +36 +37 +38 +39 +40 +41 +42 +43 +44 +45 +46 +47 +48 +49 +50 +51 +52 +53 +54 +55 +56 +57 +58 +59 +60 +61 +62 +63 +64 +65 +66 +67 +68 +69 +70 +71 +72 +73 +74 +75 +76 +77 +78 +79 +80 +81 +82 +83 +84 +85 +86 +87 +88 +89 +90 +91 +92 +93 +94 -104 -100 -108 -102 -103 +99 -110 -106 -117 -116 -112 -118 +114 +121 +115 +96 +107 -95 +105 -97 +113 -101 +119 -98 +109 -111 -120
+1 +2 +3 +4 +5 +6 +7 +8 +9 +10 +11 +12 +13 +14 +15 +16 +17 +18 +19 +20 +21 +22 +23 +24 +25 +26 +27 +28 +29 +30 +31 +32 +33 +34 +35 +36 +37 +38 +39 +40 +41 +42 +43 +44 +45 +46 +47 +48 +49 +50 +51 +52 +53 +54 +55 +56 +57 +58 +59 +60 +61 +62 +63 +64 +65 +66 +67 +68 +69 +70 +71 +72 +73 +74 +75 +76 +77 +78 +79 +80 +81 +82 +83 +84 +85 +86 +87 +88 +89 +90 +91 +92 +93 +94 +95 -107 -96 -115 -121 -114 +118 +112 +116 +117 +106 +110 -99 +103 +102 +108 +100 +104 +105 -97 +113 -101 +119 -98 +109 -111 -120
+1 +2 +3 +4 +5 +6 +7 +8 +9 +10 +11 +12 +13 +14 +15 +16 +17 +18 +19 +20 +21 +22 +23 +24 +25 +26 +27 +28 +29 +30 +31 +32 +33 +34 +35 +36 +37 +38 +39 +40 +41 +42 +43 +44 +45 +46 +47 +48 +49 +50 +51 +52 +53 +54 +55 +56 +57 +58 +59 +60 +61 +62 +63 +64 +65 +66 +67 +68 +69 +70 +71 +72 +73 +74 +75 +76 +77 +78 +79 +80 +81 +82 +83 +84 +85 +86 +87 +88 +89 +90 +91 +92 +93 +94 +95 +96 +107 -115 -121 -114 +118 +112 +116 +117 +106 +110 -99 +103 +102 +108 +100 +104 +105 -97 +113 -101 +119 -98 +109 -111 -120
+1 +2 +3 +4 +5 +6 +7 +8 +9 +10 +11 +12 +13 +14 +15 +16 +17 +18 +19 +20 +21 +22 +23 +24 +25 +26 +27 +28 +29 +30 +31 +32 +33 +34 +35 +36 +37 +38 +39 +40 +41 +42 +43 +44 +45 +46 +47 +48 +49 +50 +51 +52 +53 +54 +55 +56 +57 +58 +59 +60 +61 +62 +63 +64 +65 +66 +67 +68 +69 +70 +71 +72 +73 +74 +75 +76 +77 +78 +79 +80 +81 +82 +83 +84 +85 +86 +87 +88 +89 +90 +91 +92 +93 +94 +95 +96 +97 -105 -104 -100 -108 -102 -103 +99 -110 -106 -117 -116 -112 -118 +114 +121 +115 -107 +113 -101 +119 -98 +109 -111 -120
+1 +2 +3 +4 +5 +6 +7 +8 +9 +10 +11 +12 +13 +14 +15 +16 +17 +18 +19 +20 +21 +22 +23 +24 +25 +26 +27 +28 +29 +30 +31 +32 +33 +34 +35 +36 +37 +38 +39 +40 +41 +42 +43 +44 +45 +46 +47 +48 +49 +50 +51 +52 +53 +54 +55 +56 +57 +58 +59 +60 +61 +62 +63 +64 +65 +66 +67 +68 +69 +70 +71 +72 +73 +74 +75 +76 +77 +78 +79 +80 +81 +82 +83 +84 +85 +86 +87 +88 +89 +90 +91 +92 +93 +94 +95 +96 +97 +98 -119 +101 -113 +107 -115 -121 -114 +118 +112 +116 +117 +106 +110 -99 +103 +102 +108 +100 +104 +105 +109 -111 -120
+1 +2 +3 +4 +5 +6 +7 +8 +9 +10 +11 +12 +13 +14 +15 +16 +17 +18 +19 +20 +21 +22 +23 +24 +25 +26 +27 +28 +29 +30 +31 +32 +33 +34 +35 +36 +37 +38 +39 +40 +41 +42 +43 +44 +45 +46 +47 +48 +49 +50 +51 +52 +53 +54 +55 +56 +57 +58 +59 +60 +61 +62 +63 +64 +65 +66 +67 +68 +69 +70 +71 +72 +73 +74 +75 +76 +77 +78 +79 +80 +81 +82 +83 +84 +85 +86 +87 +88 +89 +90 +91 +92 +93 +94 +95 +96 +97 +98 +99 -110 -106 -117 -116 -112 -118 +114 +121 +115 -107 +113 -101 +119 +103 +102 +108 +100 +104 +105 +109 -111 -120
+1 +2 +3 +4 +5 +6 +7 +8 +9 +10 +11 +12 +13 +14 +15 +16 +17 +18 +19 +20 +21 +22 +23 +24 +25 +26 +27 +28 +29 +30 +31 +32 +33 +34 +35 +36 +37 +38 +39 +40 +41 +42 +43 +44 +45 +46 +47 +48 +49 +50 +51 +52 +53 +54 +55 +56 +57 +58 +59 +60 +61 +62 +63 +64 +65 +66 +67 +68 +69 +70 +71 +72 +73 +74 +75 +76 +77 +78 +79 +80 +81 +82 +83 +84 +85 +86 +87 +88 +89 +90 +91 +92 +93 +94 +95 +96 +97 +98 +99 -100 -108 -102 -103 -119 +101 -113 +107 -115 -121 -114 +118 +112 +116 +117 +106 +110 +104 +105 +109 -111 -120
+1 +2 +3 +4 +5 +6 +7 +8 +9 +10 +11 +12 +13 +14 +15 +16 +17 +18 +19 +20 +21 +22 +23 +24 +25 +26 +27 +28 +29 +30 +31 +32 +33 +34 +35 +36 +37 +38 +39 +40 +41 +42 +43 +44 +45 +46 +47 +48 +49 +50 +51 +52 +53 +54 +55 +56 +57 +58 +59 +60 +61 +62 +63 +64 +65 +66 +67 +68 +69 +70 +71 +72 +73 +74 +75 +76 +77 +78 +79 +80 +81 +82 +83 +84 +85 +86 +87 +88 +89 +90 +91 +92 +93 +94 +95 +96 +97 +98 +99 +100 -108 -102 -103 -119 +101 -113 +107 -115 -121 -114 +118 +112 +116 +117 +106 +110 +104 +105 +109 -111 -120
+1 +2 +3 +4 +5 +6 +7 +8 +9 +10 +11 +12 +13 +14 +15 +16 +17 +18 +19 +20 +21 +22 +23 +24 +25 +26 +27 +28 +29 +30 +31 +32 +33 +34 +35 +36 +37 +38 +39 +40 +41 +42 +43 +44 +45 +46 +47 +48 +49 +50 +51 +52 +53 +54 +55 +56 +57 +58 +59 +60 +61 +62 +63 +64 +65 +66 +67 +68 +69 +70 +71 +72 +73 +74 +75 +76 +77 +78 +79 +80 +81 +82 +83 +84 +85 +86 +87 +88 +89 +90 +91 +92 +93 +94 +95 +96 +97 +98 +99 +100 -101 +119 +103 +102 +108 -113 +107 -115 -121 -114 +118 +112 +116 +117 +106 +110 +104 +105 +109 -111 -120
+1 +2 +3 +4 +5 +6 +7 +8 +9 +10 +11 +12 +13 +14 +15 +16 +17 +18 +19 +20 +21 +22 +23 +24 +25 +26 +27 +28 +29 +30 +31 +32 +33 +34 +35 +36 +37 +38 +39 +40 +41 +42 +43 +44 +45 +46 +47 +48 +49 +50 +51 +52 +53 +54 +55 +56 +57 +58 +59 +60 +61 +62 +63 +64 +65 +66 +67 +68 +69 +70 +71 +72 +73 +74 +75 +76 +77 +78 +79 +80 +81 +82 +83 +84 +85 +86 +87 +88 +89 +90 +91 +92 +93 +94 +95 +96 +97 +98 +99 +100 +101 +119 +103 +102 +108 -113 +107 -115 -121 -114 +118 +112 +116 +117 +106 +110 +104 +105 +109 -111 -120
+1 +2 +3 +4 +5 +6 +7 +8 +9 +10 +11 +12 +13 +14 +15 +16 +17 +18 +19 +20 +21 +22 +23 +24 +25 +26 +27 +28 +29 +30 +31 +32 +33 +34 +35 +36 +37 +38 +39 +40 +41 +42 +43 +44 +45 +46 +47 +48 +49 +50 +51 +52 +53 +54 +55 +56 +57 +58 +59 +60 +61 +62 +63 +64 +65 +66 +67 +68 +69 +70 +71 +72 +73 +74 +75 +76 +77 +78 +79 +80 +81 +82 +83 +84 +85 +86 +87 +88 +89 +90 +91 +92 +93 +94 +95 +96 +97 +98 +99 +100 +101 -102 -103 -119 +108 -113 +107 -115 -121 -114 +118 +112 +116 +117 +106 +110 +104 +105 +109 -111 -120
+1 +2 +3 +4 +5 +6 +7 +8 +9 +10 +11 +12 +13 +14 +15 +16 +17 +18 +19 +20 +21 +22 +23 +24 +25 +26 +27 +28 +29 +30 +31 +32 +33 +34 +35 +36 +37 +38 +39 +40 +41 +42 +43 +44 +45 +46 +47 +48 +49 +50 +51 +52 +53 +54 +55 +56 +57 +58 +59 +60 +61 +62 +63 +64 +65 +66 +67 +68 +69 +70 +71 +72 +73 +74 +75 +76 +77 +78 +79 +80 +81 +82 +83 +84 +85 +86 +87 +88 +89 +90 +91 +92 +93 +94 +95 +96 +97 +98 +99 +100 +101 +102 -103 -119 +108 -113 +107 -115 -121 -114 +118 +112 +116 +117 +106 +110 +104 +105 +109 -111 -120
+1 +2 +3 +4 +5 +6 +7 +8 +9 +10 +11 +12 +13 +14 +15 +16 +17 +18 +19 +20 +21 +22 +23 +24 +25 +26 +27 +28 +29 +30 +31 +32 +33 +34 +35 +36 +37 +38 +39 +40 +41 +42 +43 +44 +45 +46 +47 +48 +49 +50 +51 +52 +53 +54 +55 +56 +57 +58 +59 +60 +61 +62 +63 +64 +65 +66 +67 +68 +69 +70 +71 +72 +73 +74 +75 +76 +77 +78 +79 +80 +81 +82 +83 +84 +85 +86 +87 +88 +89 +90 +91 +92 +93 +94 +95 +96 +97 +98 +99 +100 +101 +102 +103 -119 +108 -113 +107 -115 -121 -114 +118 +112 +116 +117 +106 +110 +104 +105 +109 -111 -120
+1 +2 +3 +4 +5 +6 +7 +8 +9 +10 +11 +12 +13 +14 +15 +16 +17 +18 +19 +20 +21 +22 +23 +24 +25 +26 +27 +28 +29 +30 +31 +32 +33 +34 +35 +36 +37 +38 +39 +40 +41 +42 +43 +44 +45 +46 +47 +48 +49 +50 +51 +52 +53 +54 +55 +56 +57 +58 +59 +60 +61 +62 +63 +64 +65 +66 +67 +68 +69 +70 +71 +72 +73 +74 +75 +76 +77 +78 +79 +80 +81 +82 +83 +84 +85 +86 +87 +88 +89 +90 +91 +92 +93 +94 +95 +96 +97 +98 +99 +100 +101 +102 +103 -104 -110 -106 -117 -116 -112 -118 +114 +121 +115 -107 +113 -108 +119 +105 +109 -111 -120
+1 +2 +3 +4 +5 +6 +7 +8 +9 +10 +11 +12 +13 +14 +15 +16 +17 +18 +19 +20 +21 +22 +23 +24 +25 +26 +27 +28 +29 +30 +31 +32 +33 +34 +35 +36 +37 +38 +39 +40 +41 +42 +43 +44 +45 +46 +47 +48 +49 +50 +51 +52 +53 +54 +55 +56 +57 +58 +59 +60 +61 +62 +63 +64 +65 +66 +67 +68 +69 +70 +71 +72 +73 +74 +75 +76 +77 +78 +79 +80 +81 +82 +83 +84 +85 +86 +87 +88 +89 +90 +91 +92 +93 +94 +95 +96 +97 +98 +99 +100 +101 +102 +103 +104 -110 -106 -117 -116 -112 -118 +114 +121 +115 -107 +113 -108 +119 +105 +109 -111 -120
+1 +2 +3 +4 +5 +6 +7 +8 +9 +10 +11 +12 +13 +14 +15 +16 +17 +18 +19 +20 +21 +22 +23 +24 +25 +26 +27 +28 +29 +30 +31 +32 +33 +34 +35 +36 +37 +38 +39 +40 +41 +42 +43 +44 +45 +46 +47 +48 +49 +50 +51 +52 +53 +54 +55 +56 +57 +58 +59 +60 +61 +62 +63 +64 +65 +66 +67 +68 +69 +70 +71 +72 +73 +74 +75 +76 +77 +78 +79 +80 +81 +82 +83 +84 +85 +86 +87 +88 +89 +90 +91 +92 +93 +94 +95 +96 +97 +98 +99 +100 +101 +102 +103 +104 -105 -119 +108 -113 +107 -115 -121 -114 +118 +112 +116 +117 +106 +110 +109 -111 -120
+1 +2 +3 +4 +5 +6 +7 +8 +9 +10 +11 +12 +13 +14 +15 +16 +17 +18 +19 +20 +21 +22 +23 +24 +25 +26 +27 +28 +29 +30 +31 +32 +33 +34 +35 +36 +37 +38 +39 +40 +41 +42 +43 +44 +45 +46 +47 +48 +49 +50 +51 +52 +53 +54 +55 +56 +57 +58 +59 +60 +61 +62 +63 +64 +65 +66 +67 +68 +69 +70 +71 +72 +73 +74 +75 +76 +77 +78 +79 +80 +81 +82 +83 +84 +85 +86 +87 +88 +89 +90 +91 +92 +93 +94 +95 +96 +97 +98 +99 +100 +101 +102 +103 +104 +105 -119 +108 -113 +107 -115 -121 -114 +118 +112 +116 +117 +106 +110 +109 -111 -120
+1 +2 +3 +4 +5 +6 +7 +8 +9 +10 +11 +12 +13 +14 +15 +16 +17 +18 +19 +20 +21 +22 +23 +24 +25 +26 +27 +28 +29 +30 +31 +32 +33 +34 +35 +36 +37 +38 +39 +40 +41 +42 +43 +44 +45 +46 +47 +48 +49 +50 +51 +52 +53 +54 +55 +56 +57 +58 +59 +60 +61 +62 +63 +64 +65 +66 +67 +68 +69 +70 +71 +72 +73 +74 +75 +76 +77 +78 +79 +80 +81 +82 +83 +84 +85 +86 +87 +88 +89 +90 +91 +92 +93 +94 +95 +96 +97 +98 +99 +100 +101 +102 +103 +104 +105 -106 -117 -116 -112 -118 +114 +121 +115 -107 +113 -108 +119 +110 +109 -111 -120
+1 +2 +3 +4 +5 +6 +7 +8 +9 +10 +11 +12 +13 +14 +15 +16 +17 +18 +19 +20 +21 +22 +23 +24 +25 +26 +27 +28 +29 +30 +31 +32 +33 +34 +35 +36 +37 +38 +39 +40 +41 +42 +43 +44 +45 +46 +47 +48 +49 +50 +51 +52 +53 +54 +55 +56 +57 +58 +59 +60 +61 +62 +63 +64 +65 +66 +67 +68 +69 +70 +71 +72 +73 +74 +75 +76 +77 +78 +79 +80 +81 +82 +83 +84 +85 +86 +87 +88 +89 +90 +91 +92 +93 +94 +95 +96 +97 +98 +99 +100 +101 +102 +103 +104 +105 +106 -117 -116 -112 -118 +114 +121 +115 -107 +113 -108 +119 +110 +109 -111 -120
+1 +2 +3 +4 +5 +6 +7 +8 +9 +10 +11 +12 +13 +14 +15 +16 +17 +18 +19 +20 +21 +22 +23 +24 +25 +26 +27 +28 +29 +30 +31 +32 +33 +34 +35 +36 +37 +38 +39 +40 +41 +42 +43 +44 +45 +46 +47 +48 +49 +50 +51 +52 +53 +54 +55 +56 +57 +58 +59 +60 +61 +62 +63 +64 +65 +66 +67 +68 +69 +70 +71 +72 +73 +74 +75 +76 +77 +78 +79 +80 +81 +82 +83 +84 +85 +86 +87 +88 +89 +90 +91 +92 +93 +94 +95 +96 +97 +98 +99 +100 +101 +102 +103 +104 +105 +106 +107 -115 -121 -114 +118 +112 +116 +117 +113 -108 +119 +110 +109 -111 -120
+1 +2 +3 +4 +5 +6 +7 +8 +9 +10 +11 +12 +13 +14 +15 +16 +17 +18 +19 +20 +21 +22 +23 +24 +25 +26 +27 +28 +29 +30 +31 +32 +33 +34 +35 +36 +37 +38 +39 +40 +41 +42 +43 +44 +45 +46 +47 +48 +49 +50 +51 +52 +53 +54 +55 +56 +57 +58 +59 +60 +61 +62 +63 +64 +65 +66 +67 +68 +69 +70 +71 +72 +73 +74 +75 +76 +77 +78 +79 +80 +81 +82 +83 +84 +85 +86 +87 +88 +89 +90 +91 +92 +93 +94 +95 +96 +97 +98 +99 +100 +101 +102 +103 +104 +105 +106 +107 +108 -113 -117 -116 -112 -118 +114 +121 +115 +119 +110 +109 -111 -120
+1 +2 +3 +4 +5 +6 +7 +8 +9 +10 +11 +12 +13 +14 +15 +16 +17 +18 +19 +20 +21 +22 +23 +24 +25 +26 +27 +28 +29 +30 +31 +32 +33 +34 +35 +36 +37 +38 +39 +40 +41 +42 +43 +44 +45 +46 +47 +48 +49 +50 +51 +52 +53 +54 +55 +56 +57 +58 +59 +60 +61 +62 +63 +64 +65 +66 +67 +68 +69 +70 +71 +72 +73 +74 +75 +76 +77 +78 +79 +80 +81 +82 +83 +84 +85 +86 +87 +88 +89 +90 +91 +92 +93 +94 +95 +96 +97 +98 +99 +100 +101 +102 +103 +104 +105 +106 +107 +108 -109 -110 -119 -115 -121 -114 +118 +112 +116 +117 +113 -111 -120
+1 +2 +3 +4 +5 +6 +7 +8 +9 +10 +11 +12 +13 +14 +15 +16 +17 +18 +19 +20 +21 +22 +23 +24 +25 +26 +27 +28 +29 +30 +31 +32 +33 +34 +35 +36 +37 +38 +39 +40 +41 +42 +43 +44 +45 +46 +47 +48 +49 +50 +51 +52 +53 +54 +55 +56 +57 +58 +59 +60 +61 +62 +63 +64 +65 +66 +67 +68 +69 +70 +71 +72 +73 +74 +75 +76 +77 +78 +79 +80 +81 +82 +83 +84 +85 +86 +87 +88 +89 +90 +91 +92 +93 +94 +95 +96 +97 +98 +99 +100 +101 +102 +103 +104 +105 +106 +107 +108 +109 -110 -119 -115 -121 -114 +118 +112 +116 +117 +113 -111 -120
+1 +2 +3 +4 +5 +6 +7 +8 +9 +10 +11 +12 +13 +14 +15 +16 +17 +18 +19 +20 +21 +22 +23 +24 +25 +26 +27 +28 +29 +30 +31 +32 +33 +34 +35 +36 +37 +38 +39 +40 +41 +42 +43 +44 +45 +46 +47 +48 +49 +50 +51 +52 +53 +54 +55 +56 +57 +58 +59 +60 +61 +62 +63 +64 +65 +66 +67 +68 +69 +70 +71 +72 +73 +74 +75 +76 +77 +78 +79 +80 +81 +82 +83 +84 +85 +86 +87 +88 +89 +90 +91 +92 +93 +94 +95 +96 +97 +98 +99 +100 +101 +102 +103 +104 +105 +106 +107 +108 +109 +110 -119 -115 -121 -114 +118 +112 +116 +117 +113 -111 -120
+1 +2 +3 +4 +5 +6 +7 +8 +9 +10 +11 +12 +13 +14 +15 +16 +17 +18 +19 +20 +21 +22 +23 +24 +25 +26 +27 +28 +29 +30 +31 +32 +33 +34 +35 +36 +37 +38 +39 +40 +41 +42 +43 +44 +45 +46 +47 +48 +49 +50 +51 +52 +53 +54 +55 +56 +57 +58 +59 +60 +61 +62 +63 +64 +65 +66 +67 +68 +69 +70 +71 +72 +73 +74 +75 +76 +77 +78 +79 +80 +81 +82 +83 +84 +85 +86 +87 +88 +89 +90 +91 +92 +93 +94 +95 +96 +97 +98 +99 +100 +101 +102 +103 +104 +105 +106 +107 +108 +109 +110 +111 -113 -117 -116 -112 -118 +114 +121 +115 +119 -120
+1 +2 +3 +4 +5 +6 +7 +8 +9 +10 +11 +12 +13 +14 +15 +16 +17 +18 +19 +20 +21 +22 +23 +24 +25 +26 +27 +28 +29 +30 +31 +32 +33 +34 +35 +36 +37 +38 +39 +40 +41 +42 +43 +44 +45 +46 +47 +48 +49 +50 +51 +52 +53 +54 +55 +56 +57 +58 +59 +60 +61 +62 +63 +64 +65 +66 +67 +68 +69 +70 +71 +72 +73 +74 +75 +76 +77 +78 +79 +80 +81 +82 +83 +84 +85 +86 +87 +88 +89 +90 +91 +92 +93 +94 +95 +96 +97 +98 +99 +100 +101 +102 +103 +104 +105 +106 +107 +108 +109 +110 +111 +112 +116 +117 +113 -118 +114 +121 +115 +119 -120
+1 +2 +3 +4 +5 +6 +7 +8 +9 +10 +11 +12 +13 +14 +15 +16 +17 +18 +19 +20 +21 +22 +23 +24 +25 +26 +27 +28 +29 +30 +31 +32 +33 +34 +35 +36 +37 +38 +39 +40 +41 +42 +43 +44 +45 +46 +47 +48 +49 +50 +51 +52 +53 +54 +55 +56 +57 +58 +59 +60 +61 +62 +63 +64 +65 +66 +67 +68 +69 +70 +71 +72 +73 +74 +75 +76 +77 +78 +79 +80 +81 +82 +83 +84 +85 +86 +87 +88 +89 +90 +91 +92 +93 +94 +95 +96 +97 +98 +99 +100 +101 +102 +103 +104 +105 +106 +107 +108 +109 +110 +111 +112 -113 -117 -116 -118 +114 +121 +115 +119 -120
+1 +2 +3 +4 +5 +6 +7 +8 +9 +10 +11 +12 +13 +14 +15 +16 +17 +18 +19 +20 +21 +22 +23 +24 +25 +26 +27 +28 +29 +30 +31 +32 +33 +34 +35 +36 +37 +38 +39 +40 +41 +42 +43 +44 +45 +46 +47 +48 +49 +50 +51 +52 +53 +54 +55 +56 +57 +58 +59 +60 +61 +62 +63 +64 +65 +66 +67 +68 +69 +70 +71 +72 +73 +74 +75 +76 +77 +78 +79 +80 +81 +82 +83 +84 +85 +86 +87 +88 +89 +90 +91 +92 +93 +94 +95 +96 +97 +98 +99 +100 +101 +102 +103 +104 +105 +106 +107 +108 +109 +110 +111 +112 +113 -117 -116 -118 +114 +121 +115 +119 -120
+1 +2 +3 +4 +5 +6 +7 +8 +9 +10 +11 +12 +13 +14 +15 +16 +17 +18 +19 +20 +21 +22 +23 +24 +25 +26 +27 +28 +29 +30 +31 +32 +33 +34 +35 +36 +37 +38 +39 +40 +41 +42 +43 +44 +45 +46 +47 +48 +49 +50 +51 +52 +53 +54 +55 +56 +57 +58 +59 +60 +61 +62 +63 +64 +65 +66 +67 +68 +69 +70 +71 +72 +73 +74 +75 +76 +77 +78 +79 +80 +81 +82 +83 +84 +85 +86 +87 +88 +89 +90 +91 +92 +93 +94 +95 +96 +97 +98 +99 +100 +101 +102 +103 +104 +105 +106 +107 +108 +109 +110 +111 +112 +113 -114 +118 +116 +117 +121 +115 +119 -120
+1 +2 +3 +4 +5 +6 +7 +8 +9 +10 +11 +12 +13 +14 +15 +16 +17 +18 +19 +20 +21 +22 +23 +24 +25 +26 +27 +28 +29 +30 +31 +32 +33 +34 +35 +36 +37 +38 +39 +40 +41 +42 +43 +44 +45 +46 +47 +48 +49 +50 +51 +52 +53 +54 +55 +56 +57 +58 +59 +60 +61 +62 +63 +64 +65 +66 +67 +68 +69 +70 +71 +72 +73 +74 +75 +76 +77 +78 +79 +80 +81 +82 +83 +84 +85 +86 +87 +88 +89 +90 +91 +92 +93 +94 +95 +96 +97 +98 +99 +100 +101 +102 +103 +104 +105 +106 +107 +108 +109 +110 +111 +112 +113 +114 +118 +116 +117 +121 +115 +119 -120
+1 +2 +3 +4 +5 +6 +7 +8 +9 +10 +11 +12 +13 +14 +15 +16 +17 +18 +19 +20 +21 +22 +23 +24 +25 +26 +27 +28 +29 +30 +31 +32 +33 +34 +35 +36 +37 +38 +39 +40 +41 +42 +43 +44 +45 +46 +47 +48 +49 +50 +51 +52 +53 +54 +55 +56 +57 +58 +59 +60 +61 +62 +63 +64 +65 +66 +67 +68 +69 +70 +71 +72 +73 +74 +75 +76 +77 +78 +79 +80 +81 +82 +83 +84 +85 +86 +87 +88 +89 +90 +91 +92 +93 +94 +95 +96 +97 +98 +99 +100 +101 +102 +103 +104 +105 +106 +107 +108 +109 +110 +111 +112 +113 +114 -115 -121 -117 -116 -118 +119 -120
+1 +2 +3 +4 +5 +6 +7 +8 +9 +10 +11 +12 +13 +14 +15 +16 +17 +18 +19 +20 +21 +22 +23 +24 +25 +26 +27 +28 +29 +30 +31 +32 +33 +34 +35 +36 +37 +38 +39 +40 +41 +42 +43 +44 +45 +46 +47 +48 +49 +50 +51 +52 +53 +54 +55 +56 +57 +58 +59 +60 +61 +62 +63 +64 +65 +66 +67 +68 +69 +70 +71 +72 +73 +74 +75 +76 +77 +78 +79 +80 +81 +82 +83 +84 +85 +86 +87 +88 +89 +90 +91 +92 +93 +94 +95 +96 +97 +98 +99 +100 +101 +102 +103 +104 +105 +106 +107 +108 +109 +110 +111 +112 +113 +114 +115 -121 -117 -116 -118 +119 -120
+1 +2 +3 +4 +5 +6 +7 +8 +9 +10 +11 +12 +13 +14 +15 +16 +17 +18 +19 +20 +21 +22 +23 +24 +25 +26 +27 +28 +29 +30 +31 +32 +33 +34 +35 +36 +37 +38 +39 +40 +41 +42 +43 +44 +45 +46 +47 +48 +49 +50 +51 +52 +53 +54 +55 +56 +57 +58 +59 +60 +61 +62 +63 +64 +65 +66 +67 +68 +69 +70 +71 +72 +73 +74 +75 +76 +77 +78 +79 +80 +81 +82 +83 +84 +85 +86 +87 +88 +89 +90 +91 +92 +93 +94 +95 +96 +97 +98 +99 +100 +101 +102 +103 +104 +105 +106 +107 +108 +109 +110 +111 +112 +113 +114 +115 +116 +117 +121 -118 +119 -120
+1 +2 +3 +4 +5 +6 +7 +8 +9 +10 +11 +12 +13 +14 +15 +16 +17 +18 +19 +20 +21 +22 +23 +24 +25 +26 +27 +28 +29 +30 +31 +32 +33 +34 +35 +36 +37 +38 +39 +40 +41 +42 +43 +44 +45 +46 +47 +48 +49 +50 +51 +52 +53 +54 +55 +56 +57 +58 +59 +60 +61 +62 +63 +64 +65 +66 +67 +68 +69 +70 +71 +72 +73 +74 +75 +76 +77 +78 +79 +80 +81 +82 +83 +84 +85 +86 +87 +88 +89 +90 +91 +92 +93 +94 +95 +96 +97 +98 +99 +100 +101 +102 +103 +104 +105 +106 +107 +108 +109 +110 +111 +112 +113 +114 +115 +116 +117 +118 -121 +119 -120
+1 +2 +3 +4 +5 +6 +7 +8 +9 +10 +11 +12 +13 +14 +15 +16 +17 +18 +19 +20 +21 +22 +23 +24 +25 +26 +27 +28 +29 +30 +31 +32 +33 +34 +35 +36 +37 +38 +39 +40 +41 +42 +43 +44 +45 +46 +47 +48 +49 +50 +51 +52 +53 +54 +55 +56 +57 +58 +59 +60 +61 +62 +63 +64 +65 +66 +67 +68 +69 +70 +71 +72 +73 +74 +75 +76 +77 +78 +79 +80 +81 +82 +83 +84 +85 +86 +87 +88 +89 +90 +91 +92 +93 +94 +95 +96 +97 +98 +99 +100 +101 +102 +103 +104 +105 +106 +107 +108 +109 +110 +111 +112 +113 +114 +115 +116 +117 +118 -119 +121 -120
+1 +2 +3 +4 +5 +6 +7 +8 +9 +10 +11 +12 +13 +14 +15 +16 +17 +18 +19 +20 +21 +22 +23 +24 +25 +26 +27 +28 +29 +30 +31 +32 +33 +34 +35 +36 +37 +38 +39 +40 +41 +42 +43 +44 +45 +46 +47 +48 +49 +50 +51 +52 +53 +54 +55 +56 +57 +58 +59 +60 +61 +62 +63 +64 +65 +66 +67 +68 +69 +70 +71 +72 +73 +74 +75 +76 +77 +78 +79 +80 +81 +82 +83 +84 +85 +86 +87 +88 +89 +90 +91 +92 +93 +94 +95 +96 +97 +98 +99 +100 +101 +102 +103 +104 +105 +106 +107 +108 +109 +110 +111 +112 +113 +114 +115 +116 +117 +118 +119 +121 -120
+1 +2 +3 +4 +5 +6 +7 +8 +9 +10 +11 +12 +13 +14 +15 +16 +17 +18 +19 +20 +21 +22 +23 +24 +25 +26 +27 +28 +29 +30 +31 +32 +33 +34 +35 +36 +37 +38 +39 +40 +41 +42 +43 +44 +45 +46 +47 +48 +49 +50 +51 +52 +53 +54 +55 +56 +57 +58 +59 +60 +61 +62 +63 +64 +65 +66 +67 +68 +69 +70 +71 +72 +73 +74 +75 +76 +77 +78 +79 +80 +81 +82 +83 +84 +85 +86 +87 +88 +89 +90 +91 +92 +93 +94 +95 +96 +97 +98 +99 +100 +101 +102 +103 +104 +105 +106 +107 +108 +109 +110 +111 +112 +113 +114 +115 +116 +117 +118 +119 +120 -121
+1 +2 +3 +4 +5 +6 +7 +8 +9 +10 +11 +12 +13 +14 +15 +16 +17 +18 +19 +20 +21 +22 +23 +24 +25 +26 +27 +28 +29 +30 +31 +32 +33 +34 +35 +36 +37 +38 +39 +40 +41 +42 +43 +44 +45 +46 +47 +48 +49 +50 +51 +52 +53 +54 +55 +56 +57 +58 +59 +60 +61 +62 +63 +64 +65 +66 +67 +68 +69 +70 +71 +72 +73 +74 +75 +76 +77 +78 +79 +80 +81 +82 +83 +84 +85 +86 +87 +88 +89 +90 +91 +92 +93 +94 +95 +96 +97 +98 +99 +100 +101 +102 +103 +104 +105 +106 +107 +108 +109 +110 +111 +112 +113 +114 +115 +116 +117 +118 +119 +120 +121
